
  Vtrue,_ktas |   _Vind,_kias |   Vtrue,__mph |   _Vind,__mph |   __VVI,__fpm |   Vtotl,_ktas |   Vtotl,__mph |   _Mach,ratio |   Gload,norml |   Gload,axial |   Gload,_side |   _Qdot,_d/ss |   _Pdot,_d/ss |   _Rdot,_d/ss |   ____Q,__d/s |   ____P,__d/s |   ____R,__d/s |   pitch,__deg |   _roll,__deg |   hding,_true |   hding,__mag |   __mag,_comp |   mavar,__deg |   __lat,__deg |   __lon,__deg |   __alt,ftmsl |   __alt,ftagl |   __alt,__ind |   __lat,south |   __lon,_west | 
    294.07324 |     233.76337 |     338.41345 |     269.01010 |    2125.56738 |     294.07324 |     338.41345 |       0.46477 |       0.98294 |       0.16217 |       0.00002 |      -0.00716 |       0.01058 |       0.00025 |      -0.01192 |       0.00009 |       0.00012 |       8.75388 |       0.14814 |     337.23627 |     342.11496 |     342.17776 |       4.87868 |      26.15809 |     -80.39790 |   15912.21582 |   15879.13672 |   15869.33105 |      25.00000 |     -82.00000 | 
    294.23672 |     233.76393 |     338.60159 |     269.01074 |    2121.62061 |     294.23672 |     338.60159 |       0.46509 |       0.98294 |       0.16199 |       0.00002 |      -0.00304 |       0.01038 |       0.00032 |      -0.01106 |       0.00009 |       0.00007 |       8.74222 |       0.14811 |     337.23630 |     342.11484 |     342.17773 |       4.87855 |      26.15934 |     -80.39848 |   15947.66797 |   15904.97168 |   15904.77637 |      25.00000 |     -82.00000 | 
    294.39908 |     233.76451 |     338.78845 |     269.01141 |    2117.71655 |     294.39908 |     338.78845 |       0.46541 |       0.98291 |       0.16180 |       0.00002 |       0.00046 |       0.01064 |       0.00029 |      -0.01174 |       0.00008 |       0.00013 |       8.73037 |       0.14806 |     337.23636 |     342.11478 |     342.17764 |       4.87841 |      26.16059 |     -80.39907 |   15982.78809 |   15937.33496 |   15939.91309 |      25.00000 |     -82.00000 | 
    294.56143 |     233.76451 |     338.97525 |     269.01141 |    2113.76611 |     294.56143 |     338.97525 |       0.46572 |       0.98301 |       0.16163 |       0.00002 |      -0.00683 |       0.01071 |       0.00024 |      -0.01207 |       0.00010 |       0.00010 |       8.71924 |       0.14804 |     337.23642 |     342.11469 |     342.17746 |       4.87828 |      26.16184 |     -80.39965 |   16017.90918 |   15970.74707 |   15975.03223 |      25.00000 |     -82.00000 | 
    294.72485 |     233.76509 |     339.16333 |     269.01208 |    2109.83081 |     294.72485 |     339.16333 |       0.46604 |       0.98302 |       0.16145 |       0.00002 |      -0.00311 |       0.01086 |       0.00034 |      -0.01098 |       0.00008 |       0.00011 |       8.70764 |       0.14800 |     337.23648 |     342.11462 |     342.17746 |       4.87814 |      26.16309 |     -80.40024 |   16053.06836 |   16011.77246 |   16010.19141 |      25.00000 |     -82.00000 | 
    294.88782 |     233.76566 |     339.35086 |     269.01273 |    2105.92261 |     294.88782 |     339.35086 |       0.46636 |       0.98307 |       0.16128 |       0.00002 |      -0.00310 |       0.01101 |       0.00029 |      -0.01129 |       0.00009 |       0.00013 |       8.69644 |       0.14796 |     337.23654 |     342.11456 |     342.17731 |       4.87801 |      26.16434 |     -80.40082 |   16088.16699 |   16052.57812 |   16045.29395 |      25.00000 |     -82.00000 | 
    295.05130 |     233.76624 |     339.53900 |     269.01340 |    2102.04175 |     295.05130 |     339.53900 |       0.46668 |       0.98306 |       0.16109 |       0.00002 |      -0.00139 |       0.01099 |       0.00037 |      -0.01116 |       0.00007 |       0.00011 |       8.68472 |       0.14792 |     337.23660 |     342.11447 |     342.17719 |       4.87787 |      26.16559 |     -80.40141 |   16123.25977 |   16092.01367 |   16080.38477 |      25.00000 |     -82.00000 | 
    295.21417 |     233.76680 |     339.72641 |     269.01404 |    2098.14453 |     295.21420 |     339.72644 |       0.46700 |       0.98310 |       0.16092 |       0.00002 |      -0.00200 |       0.01125 |       0.00020 |      -0.01191 |       0.00010 |       0.00009 |       8.67341 |       0.14787 |     337.23669 |     342.11441 |     342.17709 |       4.87773 |      26.16685 |     -80.40199 |   16158.26270 |   16130.94434 |   16115.39453 |      25.00000 |     -82.00000 | 
    295.37299 |     233.76738 |     339.90918 |     269.01471 |    2094.34619 |     295.37299 |     339.90918 |       0.46731 |       0.98315 |       0.16075 |       0.00002 |      -0.00430 |       0.01124 |       0.00040 |      -0.01162 |       0.00009 |       0.00006 |       8.66237 |       0.14783 |     337.23669 |     342.11429 |     342.17697 |       4.87760 |      26.16807 |     -80.40257 |   16192.33105 |   16166.92676 |   16149.41895 |      25.00000 |     -82.00000 | 
    295.53882 |     233.76738 |     340.10004 |     269.01471 |    2090.39136 |     295.53882 |     340.10004 |       0.46764 |       0.98318 |       0.16057 |       0.00002 |      -0.00592 |       0.01148 |       0.00032 |      -0.01123 |       0.00009 |       0.00014 |       8.65081 |       0.14777 |     337.23676 |     342.11423 |     342.17694 |       4.87746 |      26.16935 |     -80.40316 |   16227.82227 |   16200.40332 |   16184.93457 |      25.00000 |     -82.00000 | 
    295.70367 |     233.76794 |     340.28973 |     269.01535 |    2086.45581 |     295.70367 |     340.28973 |       0.46796 |       0.98314 |       0.16038 |       0.00002 |      -0.00105 |       0.01149 |       0.00034 |      -0.01096 |       0.00009 |       0.00013 |       8.63885 |       0.14773 |     337.23682 |     342.11414 |     342.17685 |       4.87732 |      26.17062 |     -80.40376 |   16262.98730 |   16234.45898 |   16220.11230 |      25.00000 |     -82.00000 | 
    295.86746 |     233.76794 |     340.47821 |     269.01535 |    2082.50977 |     295.86746 |     340.47821 |       0.46828 |       0.98320 |       0.16021 |       0.00002 |      -0.00449 |       0.01164 |       0.00032 |      -0.01242 |       0.00009 |       0.00009 |       8.62749 |       0.14769 |     337.23691 |     342.11407 |     342.17670 |       4.87718 |      26.17189 |     -80.40434 |   16297.94727 |   16268.91504 |   16255.08301 |      25.00000 |     -82.00000 | 
    296.03110 |     233.76851 |     340.66653 |     269.01599 |    2078.54810 |     296.03110 |     340.66653 |       0.46860 |       0.98322 |       0.16003 |       0.00002 |      -0.00332 |       0.01184 |       0.00035 |      -0.01068 |       0.00009 |       0.00007 |       8.61596 |       0.14764 |     337.23691 |     342.11395 |     342.17670 |       4.87704 |      26.17315 |     -80.40494 |   16332.75781 |   16303.63086 |   16289.89746 |      25.00000 |     -82.00000 | 
    296.19434 |     233.76907 |     340.85437 |     269.01666 |    2074.61963 |     296.19431 |     340.85434 |       0.46892 |       0.98324 |       0.15986 |       0.00002 |      -0.00160 |       0.01202 |       0.00031 |      -0.01113 |       0.00010 |       0.00011 |       8.60455 |       0.14759 |     337.23697 |     342.11386 |     342.17664 |       4.87691 |      26.17442 |     -80.40553 |   16367.46191 |   16337.27246 |   16324.60840 |      25.00000 |     -82.00000 | 
    296.35687 |     233.76907 |     341.04141 |     269.01666 |    2070.71802 |     296.35687 |     341.04141 |       0.46924 |       0.98327 |       0.15968 |       0.00002 |      -0.00390 |       0.01199 |       0.00027 |      -0.01237 |       0.00012 |       0.00005 |       8.59311 |       0.14756 |     337.23700 |     342.11377 |     342.17645 |       4.87677 |      26.17568 |     -80.40611 |   16402.04492 |   16371.18652 |   16359.19727 |      25.00000 |     -82.00000 | 
    296.51987 |     233.76965 |     341.22897 |     269.01733 |    2066.75854 |     296.51987 |     341.22897 |       0.46956 |       0.98323 |       0.15950 |       0.00002 |      -0.00019 |       0.01197 |       0.00036 |      -0.01093 |       0.00011 |       0.00003 |       8.58120 |       0.14752 |     337.23700 |     342.11362 |     342.17645 |       4.87663 |      26.17694 |     -80.40671 |   16436.58594 |   16403.60742 |   16393.73828 |      25.00000 |     -82.00000 | 
    296.68243 |     233.76965 |     341.41605 |     269.01733 |    2062.77881 |     296.68243 |     341.41605 |       0.46988 |       0.98334 |       0.15934 |       0.00002 |      -0.00554 |       0.01206 |       0.00029 |      -0.01186 |       0.00012 |       0.00008 |       8.57025 |       0.14748 |     337.23703 |     342.11353 |     342.17630 |       4.87649 |      26.17820 |     -80.40730 |   16471.02148 |   16436.35938 |   16428.18164 |      25.00000 |     -82.00000 | 
    296.84561 |     233.76965 |     341.60385 |     269.01733 |    2058.82520 |     296.84561 |     341.60385 |       0.47020 |       0.98328 |       0.15915 |       0.00002 |      -0.00236 |       0.01213 |       0.00033 |      -0.01151 |       0.00013 |       0.00005 |       8.55817 |       0.14746 |     337.23703 |     342.11337 |     342.17630 |       4.87635 |      26.17947 |     -80.40788 |   16505.50000 |   16471.17969 |   16462.64844 |      25.00000 |     -82.00000 | 
    297.00830 |     233.77022 |     341.79108 |     269.01797 |    2054.83081 |     297.00830 |     341.79108 |       0.47051 |       0.98341 |       0.15899 |       0.00002 |      -0.00754 |       0.01216 |       0.00033 |      -0.01142 |       0.00013 |       0.00007 |       8.54738 |       0.14744 |     337.23706 |     342.11328 |     342.17612 |       4.87622 |      26.18073 |     -80.40848 |   16539.77734 |   16505.67578 |   16496.94531 |      25.00000 |     -82.00000 | 
    297.17084 |     233.77080 |     341.97809 |     269.01865 |    2050.91138 |     297.17084 |     341.97809 |       0.47083 |       0.98334 |       0.15881 |       0.00002 |       0.00006 |       0.01230 |       0.00037 |      -0.01086 |       0.00012 |       0.00009 |       8.53551 |       0.14742 |     337.23706 |     342.11313 |     342.17606 |       4.87608 |      26.18199 |     -80.40907 |   16573.95508 |   16541.08203 |   16531.12891 |      25.00000 |     -82.00000 | 
    297.33344 |     233.77136 |     342.16522 |     269.01929 |    2046.96631 |     297.33344 |     342.16522 |       0.47115 |       0.98347 |       0.15864 |       0.00002 |      -0.00472 |       0.01226 |       0.00026 |      -0.01127 |       0.00014 |       0.00001 |       8.52484 |       0.14741 |     337.23712 |     342.11307 |     342.17575 |       4.87594 |      26.18326 |     -80.40966 |   16608.12500 |   16575.74609 |   16565.29492 |      25.00000 |     -82.00000 | 
    297.49603 |     233.77136 |     342.35233 |     269.01929 |    2043.10718 |     297.49600 |     342.35229 |       0.47147 |       0.98350 |       0.15847 |       0.00002 |      -0.00659 |       0.01227 |       0.00046 |      -0.01137 |       0.00011 |       0.00005 |       8.51357 |       0.14738 |     337.23709 |     342.11288 |     342.17572 |       4.87580 |      26.18452 |     -80.41025 |   16642.20898 |   16610.41211 |   16599.38477 |      25.00000 |     -82.00000 | 
    297.65860 |     233.77194 |     342.53940 |     269.01996 |    2039.24756 |     297.65863 |     342.53943 |       0.47179 |       0.98351 |       0.15830 |       0.00002 |      -0.00297 |       0.01244 |       0.00029 |      -0.01067 |       0.00014 |       0.00008 |       8.50242 |       0.14735 |     337.23715 |     342.11282 |     342.17551 |       4.87566 |      26.18579 |     -80.41084 |   16676.26953 |   16645.46680 |   16633.44727 |      25.00000 |     -82.00000 | 
    297.82126 |     233.77251 |     342.72659 |     269.02060 |    2035.41528 |     297.82123 |     342.72656 |       0.47211 |       0.98349 |       0.15812 |       0.00002 |      -0.00000 |       0.01258 |       0.00033 |      -0.01108 |       0.00013 |       0.00002 |       8.49097 |       0.14733 |     337.23718 |     342.11270 |     342.17535 |       4.87553 |      26.18706 |     -80.41143 |   16710.23633 |   16679.71875 |   16667.41992 |      25.00000 |     -82.00000 | 
    297.98383 |     233.77309 |     342.91367 |     269.02127 |    2031.56104 |     297.98383 |     342.91367 |       0.47242 |       0.98360 |       0.15796 |       0.00002 |      -0.00352 |       0.01260 |       0.00043 |      -0.01082 |       0.00011 |       0.00006 |       8.48031 |       0.14730 |     337.23718 |     342.11258 |     342.17520 |       4.87539 |      26.18832 |     -80.41203 |   16744.14844 |   16714.04883 |   16701.33203 |      25.00000 |     -82.00000 | 
    298.14648 |     233.77365 |     343.10086 |     269.02191 |    2027.78723 |     298.14648 |     343.10086 |       0.47274 |       0.98358 |       0.15778 |       0.00002 |      -0.00069 |       0.01274 |       0.00039 |      -0.01172 |       0.00011 |       0.00011 |       8.46911 |       0.14726 |     337.23724 |     342.11249 |     342.17502 |       4.87525 |      26.18959 |     -80.41261 |   16778.00586 |   16748.28320 |   16735.19336 |      25.00000 |     -82.00000 | 
    298.30884 |     233.77365 |     343.28772 |     269.02191 |    2023.99524 |     298.30884 |     343.28772 |       0.47306 |       0.98366 |       0.15761 |       0.00002 |      -0.00701 |       0.01279 |       0.00023 |      -0.01138 |       0.00013 |       0.00007 |       8.45822 |       0.14722 |     337.23734 |     342.11246 |     342.17480 |       4.87511 |      26.19086 |     -80.41321 |   16811.77344 |   16782.97266 |   16768.96484 |      25.00000 |     -82.00000 | 
    298.46976 |     233.77423 |     343.47287 |     269.02258 |    2020.22839 |     298.46979 |     343.47290 |       0.47337 |       0.98366 |       0.15744 |       0.00002 |      -0.00323 |       0.01307 |       0.00038 |      -0.01067 |       0.00013 |      -0.00001 |       8.44719 |       0.14719 |     337.23730 |     342.11227 |     342.17471 |       4.87497 |      26.19212 |     -80.41380 |   16845.26953 |   16816.82227 |   16802.37695 |      25.00000 |     -82.00000 | 
    298.63153 |     233.77423 |     343.65903 |     269.02258 |    2016.44946 |     298.63156 |     343.65906 |       0.47369 |       0.98363 |       0.15727 |       0.00002 |      -0.00249 |       0.01309 |       0.00049 |      -0.01160 |       0.00012 |       0.00008 |       8.43576 |       0.14714 |     337.23727 |     342.11212 |     342.17459 |       4.87483 |      26.19339 |     -80.41439 |   16878.87695 |   16850.78906 |   16835.98828 |      25.00000 |     -82.00000 | 
    298.79282 |     233.77480 |     343.84467 |     269.02322 |    2012.61340 |     298.79282 |     343.84467 |       0.47401 |       0.98371 |       0.15710 |       0.00002 |      -0.00656 |       0.01319 |       0.00021 |      -0.01088 |       0.00015 |       0.00008 |       8.42498 |       0.14711 |     337.23737 |     342.11206 |     342.17444 |       4.87469 |      26.19466 |     -80.41499 |   16912.32422 |   16884.44922 |   16869.45898 |      25.00000 |     -82.00000 | 
    298.95120 |     233.77480 |     344.02692 |     269.02322 |    2008.86255 |     298.95120 |     344.02692 |       0.47432 |       0.98364 |       0.15692 |       0.00002 |      -0.00260 |       0.01315 |       0.00034 |      -0.01176 |       0.00014 |       0.00001 |       8.41347 |       0.14710 |     337.23734 |     342.11188 |     342.17435 |       4.87456 |      26.19590 |     -80.41557 |   16945.14648 |   16917.06641 |   16902.31445 |      25.00000 |     -82.00000 | 
    299.11615 |     233.77536 |     344.21674 |     269.02390 |    2004.85999 |     299.11615 |     344.21674 |       0.47464 |       0.98366 |       0.15675 |       0.00002 |      -0.00130 |       0.01312 |       0.00045 |      -0.01070 |       0.00013 |       0.00006 |       8.40200 |       0.14706 |     337.23730 |     342.11172 |     342.17435 |       4.87442 |      26.19720 |     -80.41617 |   16979.16602 |   16948.45117 |   16936.35156 |      25.00000 |     -82.00000 | 
    299.27988 |     233.77536 |     344.40515 |     269.02390 |    2000.91492 |     299.27988 |     344.40515 |       0.47496 |       0.98375 |       0.15659 |       0.00002 |      -0.00502 |       0.01315 |       0.00031 |      -0.01195 |       0.00015 |       0.00006 |       8.39107 |       0.14705 |     337.23737 |     342.11163 |     342.17410 |       4.87428 |      26.19848 |     -80.41677 |   17012.89258 |   16976.98242 |   16970.09180 |      25.00000 |     -82.00000 | 
    299.44257 |     233.77592 |     344.59238 |     269.02454 |    1997.00610 |     299.44257 |     344.59238 |       0.47528 |       0.98372 |       0.15641 |       0.00002 |      -0.00241 |       0.01323 |       0.00038 |      -0.01081 |       0.00014 |       0.00000 |       8.37951 |       0.14703 |     337.23734 |     342.11148 |     342.17410 |       4.87414 |      26.19976 |     -80.41737 |   17046.40430 |   17005.91992 |   17003.61328 |      25.00000 |     -82.00000 | 
    299.60529 |     233.77592 |     344.77963 |     269.02454 |    1993.10181 |     299.60529 |     344.77963 |       0.47560 |       0.98380 |       0.15625 |       0.00002 |      -0.00425 |       0.01322 |       0.00051 |      -0.01166 |       0.00014 |       0.00002 |       8.36872 |       0.14701 |     337.23737 |     342.11136 |     342.17386 |       4.87399 |      26.20104 |     -80.41797 |   17079.76367 |   17035.39844 |   17036.97461 |      25.00000 |     -82.00000 | 
    299.76788 |     233.77650 |     344.96674 |     269.02521 |    1989.24438 |     299.76788 |     344.96674 |       0.47592 |       0.98384 |       0.15608 |       0.00002 |      -0.00330 |       0.01336 |       0.00045 |      -0.01042 |       0.00013 |       0.00007 |       8.35781 |       0.14698 |     337.23737 |     342.11121 |     342.17377 |       4.87386 |      26.20232 |     -80.41856 |   17113.04102 |   17080.83398 |   17070.25977 |      25.00000 |     -82.00000 | 
    299.92981 |     233.77707 |     345.15308 |     269.02585 |    1985.45325 |     299.92981 |     345.15308 |       0.47623 |       0.98389 |       0.15592 |       0.00002 |      -0.00390 |       0.01352 |       0.00024 |      -0.01078 |       0.00015 |       0.00005 |       8.34711 |       0.14696 |     337.23743 |     342.11115 |     342.17346 |       4.87372 |      26.20360 |     -80.41916 |   17146.24219 |   17118.14258 |   17103.46289 |      25.00000 |     -82.00000 | 
    300.09146 |     233.77765 |     345.33908 |     269.02652 |    1981.68823 |     300.09143 |     345.33905 |       0.47655 |       0.98381 |       0.15574 |       0.00002 |       0.00085 |       0.01321 |       0.00035 |      -0.01138 |       0.00016 |      -0.00005 |       8.33550 |       0.14695 |     337.23737 |     342.11093 |     342.17331 |       4.87357 |      26.20487 |     -80.41975 |   17179.34766 |   17151.13672 |   17136.57422 |      25.00000 |     -82.00000 | 
    300.25299 |     233.77765 |     345.52499 |     269.02652 |    1977.82190 |     300.25299 |     345.52499 |       0.47686 |       0.98387 |       0.15557 |       0.00002 |      -0.00111 |       0.01338 |       0.00048 |      -0.01050 |       0.00016 |      -0.00003 |       8.32455 |       0.14693 |     337.23730 |     342.11075 |     342.17328 |       4.87343 |      26.20615 |     -80.42036 |   17212.35547 |   17184.13477 |   17169.58594 |      25.00000 |     -82.00000 | 
    300.41464 |     233.77765 |     345.71100 |     269.02652 |    1973.98694 |     300.41464 |     345.71100 |       0.47718 |       0.98392 |       0.15541 |       0.00002 |      -0.00408 |       0.01343 |       0.00037 |      -0.01182 |       0.00018 |       0.00001 |       8.31369 |       0.14693 |     337.23730 |     342.11060 |     342.17297 |       4.87330 |      26.20743 |     -80.42095 |   17245.32031 |   17216.41992 |   17202.55273 |      25.00000 |     -82.00000 | 
    300.57623 |     233.77823 |     345.89697 |     269.02719 |    1970.13855 |     300.57623 |     345.89697 |       0.47750 |       0.98388 |       0.15523 |       0.00002 |      -0.00015 |       0.01347 |       0.00027 |      -0.01073 |       0.00020 |       0.00002 |       8.30226 |       0.14694 |     337.23730 |     342.11047 |     342.17291 |       4.87316 |      26.20871 |     -80.42155 |   17278.20703 |   17247.76953 |   17235.44336 |      25.00000 |     -82.00000 | 
    300.73782 |     233.77823 |     346.08292 |     269.02719 |    1966.27332 |     300.73782 |     346.08292 |       0.47781 |       0.98401 |       0.15508 |       0.00002 |      -0.00661 |       0.01340 |       0.00038 |      -0.01140 |       0.00017 |      -0.00003 |       8.29186 |       0.14695 |     337.23727 |     342.11029 |     342.17252 |       4.87301 |      26.20999 |     -80.42215 |   17311.01953 |   17275.35156 |   17268.25781 |      25.00000 |     -82.00000 | 
    300.89944 |     233.77879 |     346.26892 |     269.02783 |    1962.46130 |     300.89944 |     346.26892 |       0.47813 |       0.98398 |       0.15490 |       0.00002 |      -0.00185 |       0.01344 |       0.00039 |      -0.01018 |       0.00018 |       0.00002 |       8.28067 |       0.14695 |     337.23724 |     342.11011 |     342.17249 |       4.87288 |      26.21127 |     -80.42274 |   17343.79297 |   17303.02734 |   17301.03711 |      25.00000 |     -82.00000 | 
    301.06110 |     233.77937 |     346.45493 |     269.02850 |    1958.66760 |     301.06110 |     346.45493 |       0.47845 |       0.98400 |       0.15474 |       0.00002 |       0.00045 |       0.01344 |       0.00039 |      -0.01124 |       0.00016 |       0.00004 |       8.26982 |       0.14695 |     337.23724 |     342.10999 |     342.17218 |       4.87273 |      26.21255 |     -80.42335 |   17376.48828 |   17333.18164 |   17333.73242 |      25.00000 |     -82.00000 | 
    301.22272 |     233.77937 |     346.64093 |     269.02850 |    1954.88159 |     301.22272 |     346.64093 |       0.47876 |       0.98410 |       0.15458 |       0.00002 |      -0.00682 |       0.01355 |       0.00034 |      -0.01115 |       0.00018 |      -0.00002 |       8.25933 |       0.14696 |     337.23724 |     342.10983 |     342.17184 |       4.87259 |      26.21383 |     -80.42394 |   17409.14062 |   17366.38477 |   17366.38867 |      25.00000 |     -82.00000 | 
    301.38434 |     233.77994 |     346.82690 |     269.02914 |    1951.12866 |     301.38434 |     346.82690 |       0.47908 |       0.98410 |       0.15441 |       0.00002 |      -0.00277 |       0.01355 |       0.00049 |      -0.01019 |       0.00014 |       0.00007 |       8.24847 |       0.14694 |     337.23724 |     342.10968 |     342.17181 |       4.87245 |      26.21512 |     -80.42455 |   17441.71289 |   17399.30664 |   17398.96289 |      25.00000 |     -82.00000 | 
    301.54599 |     233.78052 |     347.01294 |     269.02982 |    1947.39661 |     301.54599 |     347.01294 |       0.47939 |       0.98411 |       0.15425 |       0.00002 |      -0.00145 |       0.01357 |       0.00034 |      -0.01046 |       0.00016 |       0.00006 |       8.23769 |       0.14693 |     337.23730 |     342.10962 |     342.17157 |       4.87231 |      26.21640 |     -80.42515 |   17474.24219 |   17432.42188 |   17431.49609 |      25.00000 |     -82.00000 | 
    301.70755 |     233.78108 |     347.19885 |     269.03049 |    1943.68579 |     301.70755 |     347.19885 |       0.47971 |       0.98418 |       0.15409 |       0.00002 |      -0.00273 |       0.01386 |       0.00033 |      -0.01050 |       0.00016 |      -0.00001 |       8.22729 |       0.14691 |     337.23734 |     342.10950 |     342.17130 |       4.87217 |      26.21768 |     -80.42574 |   17506.67773 |   17465.10938 |   17463.93555 |      25.00000 |     -82.00000 | 
    301.86935 |     233.78166 |     347.38507 |     269.03113 |    1940.01636 |     301.86935 |     347.38507 |       0.48003 |       0.98420 |       0.15392 |       0.00002 |      -0.00214 |       0.01383 |       0.00038 |      -0.01064 |       0.00013 |       0.00003 |       8.21668 |       0.14688 |     337.23730 |     342.10934 |     342.17111 |       4.87203 |      26.21897 |     -80.42635 |   17539.13672 |   17497.82227 |   17496.38086 |      25.00000 |     -82.00000 | 
    302.03058 |     233.78223 |     347.57062 |     269.03180 |    1936.36511 |     302.03058 |     347.57062 |       0.48034 |       0.98419 |       0.15375 |       0.00002 |      -0.00065 |       0.01389 |       0.00033 |      -0.01135 |       0.00016 |       0.00005 |       8.20582 |       0.14685 |     337.23734 |     342.10922 |     342.17087 |       4.87189 |      26.22026 |     -80.42695 |   17571.49414 |   17530.54102 |   17528.76367 |      25.00000 |     -82.00000 | 
    302.19116 |     233.78223 |     347.75540 |     269.03180 |    1932.66516 |     302.19116 |     347.75540 |       0.48066 |       0.98421 |       0.15359 |       0.00002 |      -0.00225 |       0.01387 |       0.00030 |      -0.01049 |       0.00016 |      -0.00002 |       8.19514 |       0.14684 |     337.23734 |     342.10907 |     342.17072 |       4.87174 |      26.22154 |     -80.42755 |   17603.69336 |   17562.83398 |   17560.96094 |      25.00000 |     -82.00000 | 
    302.35178 |     233.78223 |     347.94022 |     269.03180 |    1928.95422 |     302.35178 |     347.94022 |       0.48097 |       0.98419 |       0.15342 |       0.00002 |      -0.00262 |       0.01385 |       0.00048 |      -0.01152 |       0.00015 |      -0.00003 |       8.18404 |       0.14682 |     337.23727 |     342.10889 |     342.17059 |       4.87161 |      26.22283 |     -80.42815 |   17635.87695 |   17595.00781 |   17593.15039 |      25.00000 |     -82.00000 | 
    302.51294 |     233.78279 |     348.12567 |     269.03244 |    1925.14490 |     302.51297 |     348.12570 |       0.48129 |       0.98418 |       0.15325 |       0.00002 |      -0.00042 |       0.01402 |       0.00048 |      -0.01029 |       0.00016 |       0.00005 |       8.17298 |       0.14680 |     337.23727 |     342.10873 |     342.17059 |       4.87147 |      26.22412 |     -80.42875 |   17668.04492 |   17626.58789 |   17625.30664 |      25.00000 |     -82.00000 | 
    302.67413 |     233.78279 |     348.31119 |     269.03244 |    1921.33679 |     302.67413 |     348.31119 |       0.48160 |       0.98429 |       0.15310 |       0.00002 |      -0.00550 |       0.01401 |       0.00029 |      -0.01149 |       0.00018 |       0.00003 |       8.16264 |       0.14680 |     337.23730 |     342.10864 |     342.17020 |       4.87132 |      26.22540 |     -80.42935 |   17700.15625 |   17658.89844 |   17657.43555 |      25.00000 |     -82.00000 | 
    302.83524 |     233.78336 |     348.49658 |     269.03308 |    1917.56726 |     302.83524 |     348.49658 |       0.48192 |       0.98430 |       0.15293 |       0.00002 |      -0.00287 |       0.01399 |       0.00036 |      -0.01003 |       0.00017 |      -0.00003 |       8.15192 |       0.14679 |     337.23727 |     342.10846 |     342.17004 |       4.87118 |      26.22670 |     -80.42995 |   17732.21680 |   17690.44922 |   17689.50391 |      25.00000 |     -82.00000 | 
    302.99576 |     233.78336 |     348.68130 |     269.03308 |    1913.84448 |     302.99576 |     348.68130 |       0.48223 |       0.98428 |       0.15276 |       0.00002 |      -0.00250 |       0.01393 |       0.00040 |      -0.01104 |       0.00016 |       0.00002 |       8.14095 |       0.14677 |     337.23724 |     342.10828 |     342.16995 |       4.87104 |      26.22798 |     -80.43056 |   17764.09570 |   17722.27734 |   17721.38086 |      25.00000 |     -82.00000 | 
    303.15625 |     233.78394 |     348.86600 |     269.03375 |    1910.07495 |     303.15625 |     348.86600 |       0.48254 |       0.98437 |       0.15261 |       0.00002 |      -0.00661 |       0.01403 |       0.00038 |      -0.01027 |       0.00017 |       0.00003 |       8.13066 |       0.14677 |     337.23724 |     342.10815 |     342.16965 |       4.87090 |      26.22927 |     -80.43116 |   17795.93359 |   17754.14453 |   17753.22266 |      25.00000 |     -82.00000 | 
    303.31448 |     233.78336 |     349.04810 |     269.03308 |    1906.40796 |     303.31451 |     349.04813 |       0.48285 |       0.98430 |       0.15244 |       0.00002 |      -0.00186 |       0.01359 |       0.00034 |      -0.01129 |       0.00015 |       0.00000 |       8.11957 |       0.14676 |     337.23724 |     342.10800 |     342.16956 |       4.87075 |      26.23054 |     -80.43176 |   17827.27344 |   17784.53906 |   17784.75586 |      25.00000 |     -82.00000 | 
    303.47614 |     233.78508 |     349.23410 |     269.03506 |    1902.57678 |     303.47614 |     349.23410 |       0.48317 |       0.98432 |       0.15228 |       0.00002 |       0.00009 |       0.01385 |       0.00050 |      -0.00994 |       0.00013 |       0.00000 |       8.10867 |       0.14675 |     337.23721 |     342.10782 |     342.16956 |       4.87061 |      26.23184 |     -80.43237 |   17859.12891 |   17817.62695 |   17816.53125 |      25.00000 |     -82.00000 | 
    303.63678 |     233.78508 |     349.41898 |     269.03506 |    1898.79846 |     303.63678 |     349.41898 |       0.48348 |       0.98445 |       0.15213 |       0.00002 |      -0.00318 |       0.01392 |       0.00046 |      -0.01027 |       0.00014 |       0.00009 |       8.09879 |       0.14673 |     337.23724 |     342.10773 |     342.16919 |       4.87047 |      26.23313 |     -80.43297 |   17890.78320 |   17851.86133 |   17848.14453 |      25.00000 |     -82.00000 | 
    303.79318 |     233.78564 |     349.59897 |     269.03574 |    1895.24060 |     303.79318 |     349.59897 |       0.48379 |       0.98449 |       0.15197 |       0.00002 |      -0.00263 |       0.01412 |       0.00025 |      -0.01029 |       0.00017 |       0.00000 |       8.08874 |       0.14673 |     337.23727 |     342.10760 |     342.16882 |       4.87033 |      26.23439 |     -80.43356 |   17921.58984 |   17886.28516 |   17878.92188 |      25.00000 |     -82.00000 | 
    303.95117 |     233.78622 |     349.78079 |     269.03638 |    1891.68896 |     303.95117 |     349.78079 |       0.48410 |       0.98448 |       0.15181 |       0.00002 |      -0.00053 |       0.01421 |       0.00040 |      -0.01102 |       0.00016 |      -0.00008 |       8.07835 |       0.14671 |     337.23721 |     342.10739 |     342.16861 |       4.87019 |      26.23566 |     -80.43415 |   17952.67773 |   17920.52930 |   17910.00000 |      25.00000 |     -82.00000 | 
    304.11044 |     233.78679 |     349.96408 |     269.03705 |    1888.09607 |     304.11044 |     349.96408 |       0.48441 |       0.98454 |       0.15166 |       0.00002 |      -0.00332 |       0.01420 |       0.00064 |      -0.01058 |       0.00013 |       0.00008 |       8.06820 |       0.14667 |     337.23718 |     342.10724 |     342.16849 |       4.87005 |      26.23694 |     -80.43475 |   17983.89844 |   17955.33203 |   17941.21680 |      25.00000 |     -82.00000 | 
    304.26987 |     233.78679 |     350.14755 |     269.03705 |    1884.51208 |     304.26987 |     350.14755 |       0.48472 |       0.98458 |       0.15150 |       0.00002 |      -0.00633 |       0.01436 |       0.00024 |      -0.01088 |       0.00019 |       0.00006 |       8.05792 |       0.14667 |     337.23724 |     342.10715 |     342.16806 |       4.86991 |      26.23823 |     -80.43535 |   18015.22070 |   17988.40234 |   17972.53320 |      25.00000 |     -82.00000 | 
    304.42941 |     233.78737 |     350.33115 |     269.03772 |    1880.90198 |     304.42944 |     350.33118 |       0.48503 |       0.98454 |       0.15133 |       0.00002 |      -0.00263 |       0.01431 |       0.00031 |      -0.01012 |       0.00019 |      -0.00011 |       8.04721 |       0.14668 |     337.23718 |     342.10693 |     342.16797 |       4.86977 |      26.23952 |     -80.43596 |   18046.52148 |   18019.96289 |   18003.83594 |      25.00000 |     -82.00000 | 
    304.58960 |     233.78737 |     350.51547 |     269.03772 |    1877.26453 |     304.58960 |     350.51547 |       0.48535 |       0.98456 |       0.15117 |       0.00002 |      -0.00354 |       0.01438 |       0.00058 |      -0.01141 |       0.00015 |       0.00005 |       8.03672 |       0.14665 |     337.23712 |     342.10675 |     342.16782 |       4.86963 |      26.24082 |     -80.43656 |   18077.83398 |   18048.10742 |   18035.14844 |      25.00000 |     -82.00000 | 
    304.74954 |     233.78793 |     350.69952 |     269.03836 |    1873.59338 |     304.74954 |     350.69952 |       0.48566 |       0.98460 |       0.15101 |       0.00002 |      -0.00283 |       0.01448 |       0.00030 |      -0.00978 |       0.00018 |       0.00010 |       8.02640 |       0.14664 |     337.23721 |     342.10669 |     342.16757 |       4.86948 |      26.24211 |     -80.43716 |   18109.07617 |   18073.63477 |   18066.39453 |      25.00000 |     -82.00000 | 
    304.90961 |     233.78851 |     350.88373 |     269.03903 |    1869.94763 |     304.90961 |     350.88373 |       0.48597 |       0.98455 |       0.15085 |       0.00002 |      -0.00006 |       0.01447 |       0.00027 |      -0.01118 |       0.00019 |      -0.00007 |       8.01550 |       0.14666 |     337.23721 |     342.10657 |     342.16736 |       4.86934 |      26.24341 |     -80.43777 |   18140.27734 |   18101.77734 |   18097.59766 |      25.00000 |     -82.00000 | 
    305.06985 |     233.78851 |     351.06815 |     269.03903 |    1866.23413 |     305.06985 |     351.06815 |       0.48628 |       0.98467 |       0.15070 |       0.00002 |      -0.00583 |       0.01453 |       0.00059 |      -0.00993 |       0.00014 |       0.00002 |       8.00552 |       0.14662 |     337.23712 |     342.10632 |     342.16727 |       4.86919 |      26.24471 |     -80.43838 |   18171.42773 |   18133.25586 |   18128.75195 |      25.00000 |     -82.00000 | 
    305.22992 |     233.78908 |     351.25232 |     269.03967 |    1862.58252 |     305.22992 |     351.25232 |       0.48660 |       0.98462 |       0.15053 |       0.00002 |      -0.00039 |       0.01449 |       0.00030 |      -0.00998 |       0.00017 |       0.00009 |       7.99473 |       0.14660 |     337.23718 |     342.10623 |     342.16714 |       4.86905 |      26.24601 |     -80.43899 |   18202.52344 |   18161.54688 |   18159.84961 |      25.00000 |     -82.00000 | 
    305.38971 |     233.78908 |     351.43622 |     269.03967 |    1858.92078 |     305.38971 |     351.43622 |       0.48691 |       0.98468 |       0.15038 |       0.00002 |      -0.00369 |       0.01456 |       0.00027 |      -0.01116 |       0.00018 |      -0.00000 |       7.98452 |       0.14660 |     337.23718 |     342.10608 |     342.16675 |       4.86891 |      26.24731 |     -80.43960 |   18233.56250 |   18190.14062 |   18190.89062 |      25.00000 |     -82.00000 | 
    305.54922 |     233.78964 |     351.61978 |     269.04031 |    1855.25916 |     305.54919 |     351.61975 |       0.48722 |       0.98468 |       0.15022 |       0.00002 |      -0.00165 |       0.01448 |       0.00039 |      -0.01012 |       0.00018 |      -0.00012 |       7.97400 |       0.14659 |     337.23709 |     342.10587 |     342.16663 |       4.86876 |      26.24861 |     -80.44021 |   18264.51367 |   18219.27930 |   18221.84766 |      25.00000 |     -82.00000 | 
    305.70901 |     233.78964 |     351.80368 |     269.04031 |    1851.59302 |     305.70901 |     351.80368 |       0.48753 |       0.98469 |       0.15006 |       0.00002 |      -0.00325 |       0.01462 |       0.00052 |      -0.01118 |       0.00017 |       0.00008 |       7.96347 |       0.14656 |     337.23703 |     342.10565 |     342.16650 |       4.86862 |      26.24991 |     -80.44081 |   18295.44141 |   18250.58789 |   18252.77734 |      25.00000 |     -82.00000 | 
    305.86862 |     233.79021 |     351.98734 |     269.04099 |    1847.88428 |     305.86862 |     351.98734 |       0.48785 |       0.98469 |       0.14990 |       0.00002 |      -0.00231 |       0.01456 |       0.00021 |      -0.01011 |       0.00022 |       0.00003 |       7.95280 |       0.14658 |     337.23709 |     342.10556 |     342.16629 |       4.86848 |      26.25121 |     -80.44142 |   18326.28125 |   18281.85938 |   18283.61914 |      25.00000 |     -82.00000 | 
    306.02826 |     233.79021 |     352.17105 |     269.04099 |    1844.16760 |     306.02826 |     352.17105 |       0.48816 |       0.98478 |       0.14975 |       0.00002 |      -0.00612 |       0.01443 |       0.00050 |      -0.01041 |       0.00018 |      -0.00007 |       7.94275 |       0.14659 |     337.23700 |     342.10535 |     342.16595 |       4.86833 |      26.25251 |     -80.44203 |   18357.06641 |   18314.80273 |   18314.40625 |      25.00000 |     -82.00000 | 
    306.18774 |     233.79021 |     352.35458 |     269.04099 |    1840.49414 |     306.18774 |     352.35458 |       0.48847 |       0.98472 |       0.14958 |       0.00002 |      -0.00217 |       0.01458 |       0.00040 |      -0.01049 |       0.00019 |      -0.00003 |       7.93181 |       0.14659 |     337.23697 |     342.10516 |     342.16589 |       4.86819 |      26.25382 |     -80.44264 |   18387.79492 |   18347.56250 |   18345.14062 |      25.00000 |     -82.00000 | 
    306.34741 |     233.79079 |     352.53830 |     269.04166 |    1836.76672 |     306.34738 |     352.53827 |       0.48878 |       0.98482 |       0.14943 |       0.00002 |      -0.00306 |       0.01454 |       0.00050 |      -0.00969 |       0.00019 |       0.00004 |       7.92193 |       0.14659 |     337.23691 |     342.10495 |     342.16559 |       4.86805 |      26.25512 |     -80.44325 |   18418.46484 |   18380.23047 |   18375.81055 |      25.00000 |     -82.00000 | 
    306.50690 |     233.79135 |     352.72183 |     269.04230 |    1833.12268 |     306.50693 |     352.72189 |       0.48909 |       0.98481 |       0.14927 |       0.00002 |      -0.00181 |       0.01454 |       0.00026 |      -0.01005 |       0.00022 |       0.00001 |       7.91145 |       0.14662 |     337.23694 |     342.10483 |     342.16531 |       4.86790 |      26.25643 |     -80.44386 |   18449.07422 |   18412.95508 |   18406.42578 |      25.00000 |     -82.00000 | 
    306.66638 |     233.79135 |     352.90536 |     269.04230 |    1829.49609 |     306.66641 |     352.90543 |       0.48941 |       0.98486 |       0.14912 |       0.00002 |      -0.00406 |       0.01449 |       0.00049 |      -0.01113 |       0.00019 |      -0.00000 |       7.90129 |       0.14663 |     337.23688 |     342.10464 |     342.16501 |       4.86776 |      26.25773 |     -80.44447 |   18479.59766 |   18445.07031 |   18436.95312 |      25.00000 |     -82.00000 | 
    306.82593 |     233.79193 |     353.08899 |     269.04297 |    1825.86670 |     306.82593 |     353.08899 |       0.48972 |       0.98491 |       0.14897 |       0.00002 |      -0.00325 |       0.01444 |       0.00049 |      -0.00959 |       0.00019 |       0.00001 |       7.89129 |       0.14664 |     337.23685 |     342.10446 |     342.16473 |       4.86761 |      26.25904 |     -80.44508 |   18510.09766 |   18477.01172 |   18467.45312 |      25.00000 |     -82.00000 | 
    306.98541 |     233.79250 |     353.27252 |     269.04361 |    1822.28845 |     306.98541 |     353.27252 |       0.49003 |       0.98491 |       0.14881 |       0.00002 |      -0.00158 |       0.01467 |       0.00038 |      -0.00968 |       0.00019 |       0.00005 |       7.88099 |       0.14664 |     337.23688 |     342.10434 |     342.16458 |       4.86747 |      26.26034 |     -80.44569 |   18540.50781 |   18509.17969 |   18497.86914 |      25.00000 |     -82.00000 | 
    307.14493 |     233.79308 |     353.45609 |     269.04428 |    1818.72449 |     307.14493 |     353.45609 |       0.49034 |       0.98492 |       0.14866 |       0.00002 |       0.00009 |       0.01464 |       0.00040 |      -0.01025 |       0.00017 |       0.00004 |       7.87083 |       0.14664 |     337.23688 |     342.10422 |     342.16431 |       4.86733 |      26.26165 |     -80.44630 |   18570.89258 |   18541.05273 |   18528.25391 |      25.00000 |     -82.00000 | 
    307.30447 |     233.79366 |     353.63968 |     269.04495 |    1815.17053 |     307.30447 |     353.63968 |       0.49065 |       0.98501 |       0.14851 |       0.00002 |      -0.00310 |       0.01474 |       0.00042 |      -0.00980 |       0.00017 |       0.00006 |       7.86112 |       0.14663 |     337.23688 |     342.10406 |     342.16400 |       4.86718 |      26.26296 |     -80.44691 |   18601.18750 |   18572.32227 |   18558.55469 |      25.00000 |     -82.00000 | 
    307.46384 |     233.79422 |     353.82309 |     269.04559 |    1811.68604 |     307.46384 |     353.82309 |       0.49096 |       0.98504 |       0.14836 |       0.00002 |      -0.00267 |       0.01472 |       0.00042 |      -0.00991 |       0.00016 |       0.00008 |       7.85125 |       0.14661 |     337.23688 |     342.10391 |     342.16370 |       4.86703 |      26.26427 |     -80.44753 |   18631.43359 |   18603.59180 |   18588.80078 |      25.00000 |     -82.00000 | 
    307.62296 |     233.79480 |     354.00620 |     269.04626 |    1808.23364 |     307.62296 |     354.00620 |       0.49127 |       0.98503 |       0.14820 |       0.00002 |      -0.00114 |       0.01468 |       0.00036 |      -0.01050 |       0.00016 |       0.00004 |       7.84114 |       0.14659 |     337.23691 |     342.10379 |     342.16345 |       4.86689 |      26.26558 |     -80.44814 |   18661.62500 |   18634.93750 |   18618.99609 |      25.00000 |     -82.00000 | 
    307.78183 |     233.79480 |     354.18903 |     269.04626 |    1804.75232 |     307.78183 |     354.18903 |       0.49158 |       0.98509 |       0.14805 |       0.00002 |      -0.00649 |       0.01485 |       0.00046 |      -0.01047 |       0.00015 |       0.00003 |       7.83126 |       0.14657 |     337.23688 |     342.10364 |     342.16321 |       4.86675 |      26.26689 |     -80.44875 |   18691.75977 |   18665.83008 |   18649.13281 |      25.00000 |     -82.00000 | 
    307.94064 |     233.79536 |     354.37177 |     269.04691 |    1801.24939 |     307.94064 |     354.37177 |       0.49189 |       0.98505 |       0.14789 |       0.00002 |      -0.00189 |       0.01489 |       0.00042 |      -0.00945 |       0.00016 |       0.00004 |       7.82094 |       0.14654 |     337.23688 |     342.10349 |     342.16312 |       4.86660 |      26.26820 |     -80.44937 |   18721.83789 |   18696.13477 |   18679.21289 |      25.00000 |     -82.00000 | 
    308.09900 |     233.79536 |     354.55399 |     269.04691 |    1797.73499 |     308.09903 |     354.55405 |       0.49220 |       0.98505 |       0.14773 |       0.00002 |      -0.00270 |       0.01490 |       0.00032 |      -0.01106 |       0.00018 |       0.00001 |       7.81069 |       0.14652 |     337.23688 |     342.10333 |     342.16284 |       4.86646 |      26.26951 |     -80.44998 |   18751.83203 |   18726.32422 |   18709.21289 |      25.00000 |     -82.00000 | 
    308.25781 |     233.79594 |     354.73679 |     269.04758 |    1794.13599 |     308.25781 |     354.73679 |       0.49251 |       0.98504 |       0.14757 |       0.00002 |      -0.00069 |       0.01472 |       0.00056 |      -0.00949 |       0.00017 |      -0.00004 |       7.80028 |       0.14650 |     337.23682 |     342.10312 |     342.16281 |       4.86631 |      26.27082 |     -80.45060 |   18781.80078 |   18754.09570 |   18739.18359 |      25.00000 |     -82.00000 | 
    308.41617 |     233.79594 |     354.91901 |     269.04758 |    1790.52991 |     308.41620 |     354.91904 |       0.49282 |       0.98510 |       0.14742 |       0.00002 |      -0.00428 |       0.01494 |       0.00040 |      -0.01015 |       0.00017 |       0.00006 |       7.79038 |       0.14648 |     337.23682 |     342.10300 |     342.16260 |       4.86617 |      26.27213 |     -80.45121 |   18811.68164 |   18781.64453 |   18769.06836 |      25.00000 |     -82.00000 | 
    308.57477 |     233.79649 |     355.10153 |     269.04822 |    1786.93494 |     308.57477 |     355.10153 |       0.49313 |       0.98504 |       0.14726 |       0.00002 |      -0.00015 |       0.01501 |       0.00027 |      -0.01053 |       0.00021 |      -0.00002 |       7.77971 |       0.14648 |     337.23685 |     342.10287 |     342.16245 |       4.86602 |      26.27345 |     -80.45183 |   18841.51367 |   18809.14648 |   18798.90039 |      25.00000 |     -82.00000 | 
    308.73318 |     233.79649 |     355.28384 |     269.04822 |    1783.27185 |     308.73318 |     355.28384 |       0.49344 |       0.98513 |       0.14712 |       0.00002 |      -0.00312 |       0.01500 |       0.00052 |      -0.00996 |       0.00016 |       0.00001 |       7.76988 |       0.14647 |     337.23676 |     342.10263 |     342.16223 |       4.86588 |      26.27476 |     -80.45244 |   18871.28516 |   18836.71094 |   18828.67773 |      25.00000 |     -82.00000 | 
    308.89157 |     233.79649 |     355.46609 |     269.04822 |    1779.67554 |     308.89157 |     355.46609 |       0.49375 |       0.98512 |       0.14696 |       0.00002 |      -0.00274 |       0.01488 |       0.00038 |      -0.01085 |       0.00019 |       0.00006 |       7.75954 |       0.14646 |     337.23676 |     342.10248 |     342.16205 |       4.86573 |      26.27608 |     -80.45306 |   18900.97656 |   18863.96484 |   18858.37109 |      25.00000 |     -82.00000 | 
    309.05014 |     233.79707 |     355.64856 |     269.04889 |    1776.03503 |     309.05014 |     355.64856 |       0.49406 |       0.98519 |       0.14681 |       0.00002 |      -0.00311 |       0.01490 |       0.00036 |      -0.00924 |       0.00019 |      -0.00000 |       7.74972 |       0.14646 |     337.23676 |     342.10233 |     342.16180 |       4.86558 |      26.27739 |     -80.45367 |   18930.64258 |   18891.07812 |   18888.03906 |      25.00000 |     -82.00000 | 
    309.20856 |     233.79764 |     355.83087 |     269.04953 |    1772.47449 |     309.20856 |     355.83087 |       0.49437 |       0.98518 |       0.14666 |       0.00002 |      -0.00006 |       0.01490 |       0.00052 |      -0.00974 |       0.00019 |      -0.00002 |       7.73960 |       0.14646 |     337.23669 |     342.10214 |     342.16159 |       4.86544 |      26.27871 |     -80.45428 |   18960.22070 |   18919.59766 |   18917.62305 |      25.00000 |     -82.00000 | 
    309.36700 |     233.79764 |     356.01321 |     269.04953 |    1768.93201 |     309.36700 |     356.01321 |       0.49468 |       0.98525 |       0.14651 |       0.00002 |      -0.00439 |       0.01502 |       0.00048 |      -0.01084 |       0.00018 |       0.00001 |       7.72982 |       0.14645 |     337.23666 |     342.10196 |     342.16125 |       4.86529 |      26.28003 |     -80.45490 |   18989.77344 |   18950.60156 |   18947.17578 |      25.00000 |     -82.00000 | 
    309.52539 |     233.79822 |     356.19550 |     269.05020 |    1765.39758 |     309.52539 |     356.19550 |       0.49499 |       0.98528 |       0.14637 |       0.00002 |      -0.00303 |       0.01488 |       0.00039 |      -0.00926 |       0.00019 |       0.00001 |       7.72002 |       0.14645 |     337.23666 |     342.10181 |     342.16101 |       4.86514 |      26.28134 |     -80.45552 |   19019.23633 |   18979.31055 |   18976.64648 |      25.00000 |     -82.00000 | 
    309.68381 |     233.79936 |     356.37778 |     269.05151 |    1761.91492 |     309.68381 |     356.37778 |       0.49530 |       0.98531 |       0.14622 |       0.00002 |      -0.00210 |       0.01503 |       0.00050 |      -0.00953 |       0.00017 |       0.00010 |       7.71026 |       0.14644 |     337.23663 |     342.10162 |     342.16077 |       4.86500 |      26.28266 |     -80.45614 |   19048.65234 |   19011.46875 |   19006.06055 |      25.00000 |     -82.00000 | 
    309.84222 |     233.79936 |     356.56009 |     269.05151 |    1758.47632 |     309.84222 |     356.56009 |       0.49561 |       0.98537 |       0.14607 |       0.00002 |      -0.00266 |       0.01514 |       0.00035 |      -0.00962 |       0.00018 |       0.00008 |       7.70074 |       0.14644 |     337.23669 |     342.10153 |     342.16040 |       4.86485 |      26.28398 |     -80.45676 |   19078.01172 |   19043.59766 |   19035.42578 |      25.00000 |     -82.00000 | 
    310.00012 |     233.79993 |     356.74179 |     269.05215 |    1755.07996 |     310.00012 |     356.74179 |       0.49592 |       0.98536 |       0.14592 |       0.00002 |      -0.00156 |       0.01496 |       0.00040 |      -0.00951 |       0.00018 |       0.00000 |       7.69088 |       0.14643 |     337.23666 |     342.10138 |     342.16016 |       4.86470 |      26.28530 |     -80.45737 |   19107.29297 |   19075.32422 |   19064.70898 |      25.00000 |     -82.00000 | 
    310.15811 |     233.80051 |     356.92361 |     269.05283 |    1751.67224 |     310.15811 |     356.92361 |       0.49623 |       0.98535 |       0.14576 |       0.00002 |       0.00050 |       0.01501 |       0.00044 |      -0.00986 |       0.00017 |      -0.00000 |       7.68093 |       0.14641 |     337.23663 |     342.10120 |     342.15994 |       4.86456 |      26.28662 |     -80.45799 |   19136.55078 |   19106.39648 |   19093.96875 |      25.00000 |     -82.00000 | 
    310.31561 |     233.80051 |     357.10486 |     269.05283 |    1748.23987 |     310.31561 |     357.10486 |       0.49653 |       0.98542 |       0.14562 |       0.00002 |      -0.00563 |       0.01505 |       0.00051 |      -0.01051 |       0.00017 |       0.00003 |       7.67140 |       0.14639 |     337.23660 |     342.10101 |     342.15961 |       4.86441 |      26.28794 |     -80.45861 |   19165.72656 |   19137.06445 |   19123.14844 |      25.00000 |     -82.00000 | 
    310.47342 |     233.80107 |     357.28644 |     269.05347 |    1744.78516 |     310.47342 |     357.28644 |       0.49684 |       0.98534 |       0.14546 |       0.00002 |      -0.00043 |       0.01522 |       0.00036 |      -0.00973 |       0.00019 |       0.00001 |       7.66090 |       0.14639 |     337.23660 |     342.10086 |     342.15958 |       4.86426 |      26.28926 |     -80.45923 |   19194.87500 |   19166.66211 |   19152.29883 |      25.00000 |     -82.00000 | 
    310.63080 |     233.80107 |     357.46756 |     269.05347 |    1741.26660 |     310.63077 |     357.46753 |       0.49715 |       0.98545 |       0.14532 |       0.00002 |      -0.00622 |       0.01518 |       0.00039 |      -0.01001 |       0.00019 |      -0.00002 |       7.65154 |       0.14639 |     337.23657 |     342.10068 |     342.15918 |       4.86412 |      26.29059 |     -80.45985 |   19223.93750 |   19195.96289 |   19181.36523 |      25.00000 |     -82.00000 | 
    310.78842 |     233.80165 |     357.64893 |     269.05414 |    1737.78088 |     310.78845 |     357.64896 |       0.49746 |       0.98537 |       0.14516 |       0.00002 |       0.00085 |       0.01523 |       0.00038 |      -0.00948 |       0.00020 |      -0.00001 |       7.64113 |       0.14638 |     337.23654 |     342.10052 |     342.15912 |       4.86397 |      26.29191 |     -80.46046 |   19252.97070 |   19225.55664 |   19210.39844 |      25.00000 |     -82.00000 | 
    310.94449 |     233.80165 |     357.82855 |     269.05414 |    1734.29907 |     310.94452 |     357.82858 |       0.49776 |       0.98913 |       0.14458 |       0.00002 |      -0.84464 |       0.01517 |       0.00051 |      -0.08566 |       0.00018 |       0.00002 |       7.62659 |       0.14638 |     337.23648 |     342.10031 |     342.15787 |       4.86383 |      26.29323 |     -80.46108 |   19281.91797 |   19254.99414 |   19239.34961 |      25.00000 |     -82.00000 | 
    311.12766 |     234.00662 |     358.03931 |     269.29001 |    1717.59253 |     311.12766 |     358.03931 |       0.49811 |       0.91267 |       0.13315 |       0.00002 |      -1.16108 |       0.01515 |       0.00029 |      -1.30699 |       0.00012 |       0.00003 |       6.87330 |       0.14612 |     337.23456 |     342.09824 |     342.19217 |       4.86368 |      26.29456 |     -80.46171 |   19310.65039 |   19284.14258 |   19268.12109 |      25.00000 |     -82.00000 | 
    311.55148 |     234.42003 |     358.52707 |     269.76575 |    1545.96069 |     311.55151 |     358.52710 |       0.49884 |       0.81587 |       0.12185 |       0.00002 |       0.21269 |       0.01520 |       0.00023 |      -0.85667 |      -0.00009 |      -0.00002 |       5.67129 |       0.14560 |     337.23148 |     342.09500 |     342.40805 |       4.86353 |      26.29589 |     -80.46233 |   19336.84375 |   19308.52344 |   19294.53711 |      25.00000 |     -82.00000 | 
    312.22046 |     234.86397 |     359.29691 |     270.27664 |    1228.28088 |     312.22046 |     359.29691 |       0.49995 |       0.80948 |       0.12057 |       0.00002 |      -0.04428 |       0.01522 |       0.00024 |      -0.63158 |      -0.00023 |      -0.00006 |       4.94787 |       0.14505 |     337.22961 |     342.09299 |     342.62366 |       4.86338 |      26.29723 |     -80.46296 |   19357.54102 |   19309.09570 |   19315.53320 |      25.00000 |     -82.00000 | 
    313.09509 |     235.36157 |     360.30341 |     270.84927 |     885.47827 |     313.09509 |     360.30341 |       0.50138 |       0.86876 |       0.12811 |       0.00002 |       0.84413 |       0.01566 |       0.00035 |       0.58698 |      -0.00021 |      -0.00005 |       4.85334 |       0.14459 |     337.22931 |     342.09253 |     342.79092 |       4.86323 |      26.29858 |     -80.46358 |   19372.38867 |   19326.99805 |   19330.65039 |      25.00000 |     -82.00000 | 
    313.98099 |     235.80603 |     361.32288 |     271.36075 |     672.70599 |     313.98099 |     361.32288 |       0.50282 |       0.95844 |       0.13860 |       0.00002 |       0.11897 |       0.01560 |       0.00028 |       0.19709 |       0.00004 |      -0.00007 |       5.23873 |       0.14439 |     337.23022 |     342.09329 |     342.81534 |       4.86308 |      26.29992 |     -80.46422 |   19383.42188 |   19341.23633 |   19341.78711 |      25.00000 |     -82.00000 | 
    314.82812 |     236.31520 |     362.29773 |     271.94669 |     606.03839 |     314.82809 |     362.29770 |       0.50420 |       1.00391 |       0.14421 |       0.00002 |       0.22374 |       0.01569 |       0.00042 |       0.36214 |       0.00023 |      -0.00009 |       5.52710 |       0.14439 |     337.23087 |     342.09381 |     342.78897 |       4.86293 |      26.30126 |     -80.46484 |   19393.44141 |   19357.26562 |   19351.82031 |      25.00000 |     -82.00000 | 
    315.58914 |     236.76575 |     363.17352 |     272.46518 |     635.72241 |     315.58914 |     363.17352 |       0.50544 |       1.04419 |       0.14939 |       0.00002 |       0.18217 |       0.01554 |       0.00055 |       0.43140 |       0.00039 |      -0.00002 |       5.92458 |       0.14461 |     337.23181 |     342.09460 |     342.72061 |       4.86278 |      26.30260 |     -80.46547 |   19403.94336 |   19376.17188 |   19362.25977 |      25.00000 |     -82.00000 | 
    316.23248 |     237.14281 |     363.91388 |     272.89908 |     743.20923 |     316.23248 |     363.91388 |       0.50649 |       1.07367 |       0.15327 |       0.00002 |       0.13122 |       0.01550 |       0.00043 |       0.44478 |       0.00052 |      -0.00000 |       6.36416 |       0.14499 |     337.23291 |     342.09555 |     342.61743 |       4.86263 |      26.30394 |     -80.46610 |   19416.24219 |   19396.92188 |   19374.44531 |      25.00000 |     -82.00000 | 
    316.74240 |     237.52658 |     364.50067 |     273.34073 |     907.58881 |     316.74240 |     364.50067 |       0.50734 |       1.06394 |       0.14926 |       0.00002 |      -1.55195 |       0.01527 |       0.00057 |      -0.52111 |       0.00056 |      -0.00001 |       6.48501 |       0.14539 |     337.23318 |     342.09567 |     342.49118 |       4.86248 |      26.30529 |     -80.46673 |   19431.32617 |   19408.35938 |   19389.37891 |      25.00000 |     -82.00000 | 
    317.29608 |     238.19249 |     365.13785 |     274.10703 |    1011.58374 |     317.29608 |     365.13785 |       0.50826 |       0.93420 |       0.13169 |       0.00002 |       0.56334 |       0.01509 |       0.00033 |      -0.87412 |       0.00037 |      -0.00001 |       5.57309 |       0.14543 |     337.23087 |     342.09320 |     342.50699 |       4.86233 |      26.30664 |     -80.46736 |   19448.39062 |   19421.90430 |   19406.42773 |      25.00000 |     -82.00000 | 
    318.01547 |     238.78439 |     365.96570 |     274.78818 |     926.85107 |     318.01547 |     365.96570 |       0.50944 |       0.89553 |       0.12602 |       0.00002 |      -0.15354 |       0.01526 |       0.00026 |      -0.53616 |       0.00015 |       0.00001 |       4.95210 |       0.14534 |     337.22931 |     342.09149 |     342.63474 |       4.86218 |      26.30799 |     -80.46799 |   19463.98828 |   19427.27344 |   19422.15430 |      25.00000 |     -82.00000 | 
    318.87299 |     239.42897 |     366.95248 |     275.52994 |     750.89240 |     318.87299 |     366.95248 |       0.51084 |       0.88057 |       0.12371 |       0.00002 |      -0.04759 |       0.01550 |       0.00038 |      -0.46746 |       0.00001 |      -0.00003 |       4.44394 |       0.14512 |     337.22797 |     342.09000 |     342.76074 |       4.86203 |      26.30935 |     -80.46863 |   19476.54102 |   19438.99219 |   19434.87305 |      25.00000 |     -82.00000 | 
    319.86246 |     240.15746 |     368.09116 |     276.36829 |     542.57031 |     319.86249 |     368.09119 |       0.51244 |       0.88325 |       0.12332 |       0.00002 |       0.01329 |       0.01571 |       0.00028 |      -0.33894 |      -0.00005 |      -0.00003 |       4.04207 |       0.14481 |     337.22693 |     342.08881 |     342.87494 |       4.86188 |      26.31071 |     -80.46927 |   19485.57227 |   19459.16797 |   19444.08398 |      25.00000 |     -82.00000 | 
    320.95969 |     240.95801 |     369.35385 |     277.28952 |     338.21909 |     320.95969 |     369.35385 |       0.51421 |       0.89981 |       0.12442 |       0.00002 |       0.05590 |       0.01574 |       0.00034 |      -0.20410 |      -0.00004 |      -0.00006 |       3.77343 |       0.14452 |     337.22620 |     342.08792 |     342.96863 |       4.86173 |      26.31207 |     -80.46991 |   19491.15234 |   19466.41016 |   19449.82812 |      25.00000 |     -82.00000 | 
    322.13309 |     241.72664 |     370.70413 |     278.17407 |     165.84450 |     322.13306 |     370.70410 |       0.51610 |       0.96279 |       0.13291 |       0.00002 |       1.82493 |       0.01607 |       0.00033 |       0.97637 |       0.00005 |      -0.00005 |       4.03696 |       0.14435 |     337.22684 |     342.08841 |     343.03699 |       4.86157 |      26.31344 |     -80.47055 |   19493.83789 |   19467.07422 |   19452.63086 |      25.00000 |     -82.00000 | 
    323.17218 |     242.28015 |     371.89990 |     278.81104 |     150.29259 |     323.17218 |     371.89990 |       0.51777 |       1.07629 |       0.14681 |       0.00002 |      -0.01826 |       0.01618 |       0.00044 |       0.51279 |       0.00030 |      -0.00003 |       4.89220 |       0.14450 |     337.22894 |     342.09036 |     342.97040 |       4.86142 |      26.31482 |     -80.47119 |   19496.07812 |   19466.46289 |   19454.79297 |      25.00000 |     -82.00000 | 
    324.04254 |     242.87970 |     372.90152 |     279.50098 |     302.14957 |     324.04254 |     372.90152 |       0.51917 |       1.10932 |       0.14939 |       0.00002 |      -1.23968 |       0.01606 |       0.00043 |       0.30421 |       0.00048 |      -0.00002 |       5.38477 |       0.14481 |     337.23016 |     342.09143 |     342.84045 |       4.86127 |      26.31620 |     -80.47184 |   19501.05273 |   19465.26172 |   19459.59961 |      25.00000 |     -82.00000 | 
    324.80676 |     243.65378 |     373.78094 |     280.39178 |     498.37506 |     324.80676 |     373.78094 |       0.52041 |       1.01888 |       0.13620 |       0.00002 |      -0.04308 |       0.01577 |       0.00039 |      -0.81185 |       0.00045 |       0.00001 |       4.98970 |       0.14501 |     337.22913 |     342.09024 |     342.73465 |       4.86111 |      26.31758 |     -80.47249 |   19509.46094 |   19467.36914 |   19467.86328 |      25.00000 |     -82.00000 | 
    325.66455 |     244.42923 |     374.76810 |     281.28415 |     553.47803 |     325.66455 |     374.76810 |       0.52180 |       0.95908 |       0.12778 |       0.00002 |      -0.05872 |       0.01593 |       0.00036 |      -0.31627 |       0.00029 |       0.00001 |       4.49268 |       0.14507 |     337.22787 |     342.08884 |     342.76907 |       4.86096 |      26.31897 |     -80.47314 |   19518.89453 |   19471.85547 |   19477.31836 |      25.00000 |     -82.00000 | 
    326.59396 |     245.16193 |     375.83762 |     282.12732 |     502.15118 |     326.59396 |     375.83762 |       0.52331 |       0.93978 |       0.12479 |       0.00002 |      -0.09259 |       0.01621 |       0.00024 |      -0.33425 |       0.00016 |      -0.00000 |       4.16565 |       0.14502 |     337.22705 |     342.08786 |     342.82675 |       4.86081 |      26.32036 |     -80.47379 |   19527.33398 |   19485.58203 |   19485.82617 |      25.00000 |     -82.00000 | 
    327.59940 |     245.94130 |     376.99466 |     283.02420 |     405.66965 |     327.59943 |     376.99469 |       0.52494 |       0.92948 |       0.12289 |       0.00002 |      -0.04026 |       0.01617 |       0.00034 |      -0.28730 |       0.00007 |      -0.00002 |       3.85363 |       0.14487 |     337.22626 |     342.08691 |     342.89246 |       4.86065 |      26.32175 |     -80.47444 |   19534.11719 |   19497.25000 |   19492.70312 |      25.00000 |     -82.00000 | 
    328.42474 |     246.60994 |     377.94446 |     283.79367 |     287.49170 |     328.42474 |     377.94446 |       0.52627 |       0.92641 |       0.05099 |       0.00002 |       1.24047 |       0.01640 |       0.00023 |       0.09362 |       0.00003 |      -0.00005 |       3.65255 |       0.14468 |     337.22571 |     342.08621 |     342.78607 |       4.86049 |      26.32315 |     -80.47510 |   19538.91211 |   19507.04492 |   19497.60352 |      25.00000 |     -82.00000 | 
    327.35071 |     245.67563 |     376.70850 |     282.71848 |     186.24881 |     327.35071 |     376.70850 |       0.52455 |       0.99596 |      -0.00014 |       0.00002 |      -1.90553 |       0.01626 |       0.00041 |      -0.23426 |       0.00010 |      -0.00010 |       3.97899 |       0.14458 |     337.22644 |     342.08679 |     341.63187 |       4.86034 |      26.32455 |     -80.47575 |   19541.90234 |   19514.88672 |   19500.64453 |      25.00000 |     -82.00000 | 
    325.94864 |     244.71373 |     375.09500 |     281.61154 |     125.17571 |     325.94861 |     375.09497 |       0.52231 |       0.90895 |      -0.01246 |       0.00002 |      -0.16041 |       0.01609 |       0.00039 |      -0.75125 |       0.00008 |      -0.00005 |       3.30768 |       0.14436 |     337.22467 |     342.08484 |     341.05862 |       4.86018 |      26.32595 |     -80.47640 |   19544.06445 |   19521.54297 |   19502.88477 |      25.00000 |     -82.00000 | 
    324.71143 |     243.84116 |     373.67123 |     280.60739 |     -50.86728 |     324.71143 |     373.67123 |       0.52033 |       0.85029 |      -0.01799 |       0.00002 |       0.11788 |       0.01590 |       0.00028 |      -0.79753 |       0.00001 |      -0.00005 |       2.53896 |       0.14411 |     337.22269 |     342.08270 |     340.94601 |       4.86003 |      26.32733 |     -80.47705 |   19543.31055 |   19522.73047 |   19502.32812 |      25.00000 |     -82.00000 | 
    323.65009 |     242.94072 |     372.44989 |     279.57120 |    -321.38287 |     323.65009 |     372.44989 |       0.51862 |       0.90008 |      -0.01203 |       0.00002 |       0.60599 |       0.01606 |       0.00035 |       0.59687 |       0.00001 |      -0.00008 |       2.51961 |       0.14389 |     337.22256 |     342.08243 |     340.99222 |       4.85987 |      26.32872 |     -80.47770 |   19537.92969 |   19487.86523 |   19497.18164 |      25.00000 |     -82.00000 | 
    322.60403 |     242.08826 |     371.24609 |     278.59021 |    -496.79303 |     322.60403 |     371.24609 |       0.51692 |       0.93427 |      -0.00758 |       0.00002 |      -1.59138 |       0.01553 |       0.00037 |      -0.88954 |       0.00015 |      -0.00006 |       2.48375 |       0.14377 |     337.22238 |     342.08209 |     341.02158 |       4.85972 |      26.33009 |     -80.47835 |   19529.42969 |   19482.89062 |   19488.77344 |      25.00000 |     -82.00000 | 
    321.75519 |     241.61888 |     370.26929 |     278.05005 |    -671.27826 |     321.75519 |     370.26929 |       0.51554 |       0.84419 |      -0.01410 |       0.00002 |       0.45889 |       0.01535 |       0.00026 |      -0.59156 |       0.00012 |      -0.00009 |       1.52708 |       0.14363 |     337.21994 |     342.07950 |     341.13193 |       4.85956 |      26.33146 |     -80.47899 |   19518.35352 |   19479.02734 |   19477.89062 |      25.00000 |     -82.00000 | 
    321.18317 |     241.22334 |     369.61099 |     277.59488 |    -947.36829 |     321.18317 |     369.61099 |       0.51459 |       0.84946 |      -0.00698 |       0.00002 |      -0.02503 |       0.01525 |       0.00029 |      -0.43568 |       0.00009 |      -0.00012 |       1.04891 |       0.14351 |     337.21863 |     342.07803 |     341.31226 |       4.85941 |      26.33284 |     -80.47963 |   19502.51562 |   19470.45898 |   19462.30078 |      25.00000 |     -82.00000 | 
    320.95239 |     241.08324 |     369.34543 |     277.43365 |   -1229.88354 |     320.95236 |     369.34540 |       0.51418 |       0.86731 |       0.00808 |       0.00002 |       0.17565 |       0.01515 |       0.00033 |      -0.22812 |       0.00012 |      -0.00007 |       0.71004 |       0.14340 |     337.21765 |     342.07690 |     341.56699 |       4.85926 |      26.33420 |     -80.48027 |   19481.91797 |   19456.99219 |   19441.93164 |      25.00000 |     -82.00000 | 
    321.15433 |     241.25214 |     369.57782 |     277.62802 |   -1475.25208 |     321.15430 |     369.57779 |       0.51446 |       0.90808 |       0.03346 |       0.00002 |       0.33742 |       0.01509 |       0.00031 |       0.06075 |       0.00022 |      -0.00006 |       0.62439 |       0.14338 |     337.21741 |     342.07651 |     341.91626 |       4.85911 |      26.33557 |     -80.48091 |   19457.16211 |   19438.46484 |   19417.35938 |      25.00000 |     -82.00000 | 
    321.87616 |     241.78520 |     370.40848 |     278.24146 |   -1639.36768 |     321.87613 |     370.40845 |       0.51556 |       0.97079 |       0.07104 |       0.00002 |       0.68000 |       0.01516 |       0.00040 |       0.43632 |       0.00036 |      -0.00008 |       0.86575 |       0.14350 |     337.21793 |     342.07687 |     342.37051 |       4.85895 |      26.33694 |     -80.48155 |   19429.66016 |   19405.52734 |   19389.94922 |      25.00000 |     -82.00000 | 
    323.20963 |     242.72734 |     371.94302 |     279.32565 |   -1676.42053 |     323.20963 |     371.94302 |       0.51764 |       1.05952 |       0.12398 |       0.00002 |       0.98599 |       0.01522 |       0.00048 |       0.88675 |       0.00056 |      -0.00000 |       1.52963 |       0.14380 |     337.21954 |     342.07834 |     342.93594 |       4.85880 |      26.33832 |     -80.48220 |   19401.45703 |   19372.18945 |   19361.72070 |      25.00000 |     -82.00000 | 
    325.01877 |     243.99173 |     374.02493 |     280.78067 |   -1533.88025 |     325.01877 |     374.02493 |       0.52048 |       1.16623 |       0.15811 |       0.00002 |       0.81566 |       0.01521 |       0.00042 |       1.21962 |       0.00079 |      -0.00001 |       2.62604 |       0.14439 |     337.22229 |     342.08093 |     343.44464 |       4.85864 |      26.33971 |     -80.48285 |   19375.40820 |   19340.32812 |   19335.47852 |      25.00000 |     -82.00000 | 
    326.55228 |     245.08183 |     375.78967 |     282.03516 |   -1201.48254 |     326.55231 |     375.78970 |       0.52290 |       1.24521 |       0.17014 |       0.00002 |       0.47303 |       0.01551 |       0.00063 |       1.20613 |       0.00094 |       0.00011 |       3.82027 |       0.14522 |     337.22534 |     342.08383 |     343.50577 |       4.85849 |      26.34107 |     -80.48349 |   19355.70508 |   19315.10156 |   19315.45508 |      25.00000 |     -82.00000 | 
    327.74768 |     245.97986 |     377.16528 |     283.06857 |    -711.74951 |     327.74768 |     377.16528 |       0.52479 |       1.28661 |       0.17592 |       0.00002 |       0.33417 |       0.01545 |       0.00048 |       1.13466 |       0.00103 |       0.00016 |       4.97663 |       0.14625 |     337.22842 |     342.08676 |     343.28949 |       4.85833 |      26.34246 |     -80.48414 |   19343.82812 |   19297.69141 |   19303.09961 |      25.00000 |     -82.00000 | 
    328.57166 |     246.62672 |     378.11349 |     283.81299 |    -137.63763 |     328.57166 |     378.11349 |       0.52610 |       1.30031 |       0.17725 |       0.00002 |       0.14110 |       0.01549 |       0.00069 |       0.98717 |       0.00098 |       0.00016 |       6.04388 |       0.14734 |     337.23132 |     342.08951 |     342.94284 |       4.85818 |      26.34386 |     -80.48479 |   19341.60156 |   19298.93359 |   19300.34570 |      25.00000 |     -82.00000 | 
    329.05780 |     247.05037 |     378.67297 |     284.30051 |     462.30624 |     329.05780 |     378.67297 |       0.52690 |       1.28415 |       0.17376 |       0.00002 |       0.03971 |       0.01577 |       0.00047 |       0.76932 |       0.00088 |       0.00021 |       6.91757 |       0.14834 |     337.23376 |     342.09180 |     342.56268 |       4.85802 |      26.34526 |     -80.48545 |   19349.44336 |   19306.47266 |   19307.66406 |      25.00000 |     -82.00000 | 
    329.26566 |     247.27246 |     378.91214 |     284.55606 |    1031.82507 |     329.26566 |     378.91214 |       0.52726 |       1.24576 |       0.16690 |       0.00002 |      -0.05908 |       0.01593 |       0.00060 |       0.52603 |       0.00068 |       0.00024 |       7.56031 |       0.14915 |     337.23569 |     342.09354 |     342.21915 |       4.85786 |      26.34666 |     -80.48611 |   19366.82617 |   19329.34961 |   19324.57031 |      25.00000 |     -82.00000 | 
    329.26620 |     247.43173 |     378.91281 |     284.73935 |    1525.19421 |     329.26617 |     378.91278 |       0.52732 |       1.15500 |       0.15051 |       0.00002 |      -1.37452 |       0.01611 |       0.00043 |      -0.62724 |       0.00044 |       0.00020 |       7.59726 |       0.14954 |     337.23599 |     342.09369 |     341.96188 |       4.85771 |      26.34806 |     -80.48676 |   19392.46094 |   19358.93359 |   19349.82227 |      25.00000 |     -82.00000 | 
    329.30972 |     247.73973 |     378.96286 |     285.09381 |    1811.67908 |     329.30975 |     378.96292 |       0.52745 |       0.97398 |       0.12683 |       0.00002 |       0.01588 |       0.01635 |       0.00038 |      -1.03805 |       0.00003 |       0.00020 |       6.61463 |       0.14926 |     337.23361 |     342.09116 |     341.97806 |       4.85755 |      26.34946 |     -80.48742 |   19423.04297 |   19393.97656 |   19380.27930 |      25.00000 |     -82.00000 | 
    329.54413 |     247.97627 |     379.23264 |     285.36600 |    1796.94617 |     329.54413 |     379.23264 |       0.52788 |       0.87266 |       0.11546 |       0.00003 |      -0.40784 |       0.01688 |       0.00016 |      -0.98256 |      -0.00033 |       0.00016 |       5.64859 |       0.14862 |     337.23126 |     342.08865 |     342.17920 |       4.85739 |      26.35086 |     -80.48808 |   19453.26367 |   19428.71680 |   19410.62305 |      25.00000 |     -82.00000 | 
    330.00201 |     248.30621 |     379.75952 |     285.74570 |    1575.89893 |     330.00201 |     379.75952 |       0.52867 |       0.80706 |       0.10914 |       0.00003 |      -0.26355 |       0.01710 |       0.00017 |      -0.96831 |      -0.00061 |       0.00007 |       4.66368 |       0.14769 |     337.22882 |     342.08606 |     342.41824 |       4.85723 |      26.35226 |     -80.48873 |   19479.65234 |   19448.16797 |   19437.27734 |      25.00000 |     -82.00000 | 
    330.71158 |     248.79785 |     380.57611 |     286.31146 |    1226.86926 |     330.71158 |     380.57611 |       0.52985 |       0.77746 |       0.10630 |       0.00003 |      -0.11567 |       0.01776 |       0.00008 |      -0.82472 |      -0.00074 |       0.00006 |       3.76433 |       0.14660 |     337.22656 |     342.08365 |     342.65002 |       4.85708 |      26.35367 |     -80.48940 |   19500.12305 |   19465.34766 |   19458.09180 |      25.00000 |     -82.00000 | 
    331.66583 |     249.46741 |     381.67422 |     287.08197 |     819.98120 |     331.66580 |     381.67419 |       0.53141 |       0.78183 |       0.10614 |       0.00003 |       0.00917 |       0.01783 |       0.00022 |      -0.60299 |      -0.00074 |       0.00004 |       3.05290 |       0.14551 |     337.22479 |     342.08173 |     342.84946 |       4.85692 |      26.35508 |     -80.49005 |   19513.72461 |   19482.74219 |   19472.06055 |      25.00000 |     -82.00000 | 
    332.82739 |     250.29741 |     383.01093 |     288.03711 |     419.78769 |     332.82739 |     383.01093 |       0.53328 |       0.81294 |       0.10807 |       0.00003 |       0.10198 |       0.01818 |       0.00008 |      -0.35581 |      -0.00060 |      -0.00004 |       2.57892 |       0.14454 |     337.22360 |     342.08035 |     343.00894 |       4.85676 |      26.35649 |     -80.49072 |   19520.59766 |   19494.21484 |   19479.26953 |      25.00000 |     -82.00000 | 
    334.13873 |     251.24803 |     384.51999 |     289.13107 |      77.37431 |     334.13873 |     384.51999 |       0.53539 |       0.85754 |       0.11189 |       0.00003 |       0.91674 |       0.01828 |       0.00020 |      -0.07944 |      -0.00048 |      -0.00012 |       2.34820 |       0.14373 |     337.22290 |     342.07950 |     343.12848 |       4.85660 |      26.35791 |     -80.49138 |   19521.73047 |   19493.72656 |   19480.66992 |      25.00000 |     -82.00000 | 
    335.50214 |     252.09604 |     386.08899 |     290.10696 |    -157.57736 |     335.50214 |     386.08899 |       0.53757 |       1.00536 |       0.12692 |       0.00003 |       0.59666 |       0.01848 |       0.00040 |       1.26373 |      -0.00024 |      -0.00010 |       3.07316 |       0.14319 |     337.22461 |     342.08105 |     343.19107 |       4.85644 |      26.35934 |     -80.49205 |   19518.86914 |   19486.73047 |   19477.93750 |      25.00000 |     -82.00000 | 
    336.66898 |     252.82181 |     387.43176 |     290.94214 |    -129.62624 |     336.66901 |     387.43179 |       0.53943 |       1.10471 |       0.13839 |       0.00003 |       0.37912 |       0.01827 |       0.00036 |       0.65152 |       0.00011 |      -0.00014 |       3.91334 |       0.14303 |     337.22659 |     342.08289 |     343.10471 |       4.85628 |      26.36077 |     -80.49272 |   19516.42383 |   19484.21289 |   19475.35352 |      25.00000 |     -82.00000 | 
    337.64005 |     253.50548 |     388.54926 |     291.72891 |      79.96937 |     337.64005 |     388.54926 |       0.54099 |       1.14342 |       0.14272 |       0.00003 |       0.37602 |       0.01819 |       0.00051 |       0.65068 |       0.00032 |      -0.00012 |       4.56599 |       0.14313 |     337.22809 |     342.08420 |     342.95273 |       4.85612 |      26.36220 |     -80.49339 |   19517.68359 |   19484.97070 |   19476.38086 |      25.00000 |     -82.00000 | 
    338.41013 |     254.15633 |     389.43542 |     292.47787 |     371.10190 |     338.41016 |     389.43549 |       0.54224 |       1.12005 |       0.13694 |       0.00003 |      -1.18784 |       0.01800 |       0.00047 |      -0.37549 |       0.00051 |      -0.00008 |       4.79660 |       0.14335 |     337.22858 |     342.08453 |     342.76672 |       4.85596 |      26.36364 |     -80.49406 |   19523.88672 |   19486.09961 |   19482.31445 |      25.00000 |     -82.00000 | 
    339.17780 |     254.96375 |     390.31888 |     293.40704 |     582.46594 |     339.17783 |     390.31891 |       0.54349 |       0.99149 |       0.12144 |       0.00003 |       0.47810 |       0.01763 |       0.00037 |      -0.52057 |       0.00044 |      -0.00009 |       4.16659 |       0.14347 |     337.22693 |     342.08273 |     342.71384 |       4.85580 |      26.36508 |     -80.49474 |   19533.84961 |   19492.17383 |   19492.17383 |      25.00000 |     -82.00000 | 
    339.27039 |     255.10880 |     390.42538 |     293.57397 |     602.21906 |     339.27039 |     390.42538 |       0.54366 |       0.96790 |       0.01334 |       0.00002 |       1.19493 |       0.01780 |       0.00042 |       0.35048 |       0.00030 |      -0.00006 |       4.00769 |       0.14357 |     337.22644 |     342.08206 |     342.24173 |       4.85564 |      26.36653 |     -80.49542 |   19544.04883 |   19502.88477 |   19502.41602 |      25.00000 |     -82.00000 | 
    337.72400 |     253.86662 |     388.64584 |     292.14450 |     577.39325 |     337.72400 |     388.64584 |       0.54120 |       0.97137 |      -0.01390 |       0.00002 |      -1.21586 |       0.01763 |       0.00042 |      -0.79294 |       0.00027 |      -0.00006 |       3.96176 |       0.14361 |     337.22626 |     342.08173 |     341.17392 |       4.85547 |      26.36797 |     -80.49609 |   19553.61523 |   19509.86914 |   19511.99609 |      25.00000 |     -82.00000 | 
    336.14499 |     252.74890 |     386.82877 |     290.85825 |     483.28784 |     336.14499 |     386.82877 |       0.53869 |       0.86198 |      -0.02493 |       0.00003 |      -0.44566 |       0.01732 |       0.00018 |      -0.97076 |       0.00015 |      -0.00012 |       3.03220 |       0.14345 |     337.22385 |     342.07916 |     340.80121 |       4.85531 |      26.36940 |     -80.49677 |   19561.83594 |   19517.39062 |   19520.36914 |      25.00000 |     -82.00000 | 
    334.80264 |     251.76469 |     385.28403 |     289.72565 |     216.21834 |     334.80261 |     385.28400 |       0.53654 |       0.78775 |      -0.03051 |       0.00002 |      -0.39246 |       0.01712 |       0.00032 |      -1.07333 |      -0.00002 |      -0.00013 |       2.00290 |       0.14317 |     337.22113 |     342.07629 |     340.80307 |       4.85515 |      26.37083 |     -80.49744 |   19565.55078 |   19525.17383 |   19524.38672 |      25.00000 |     -82.00000 | 
    333.75256 |     250.99487 |     384.07562 |     288.83975 |    -189.68369 |     333.75256 |     384.07562 |       0.53485 |       0.73899 |      -0.03341 |       0.00002 |       0.16678 |       0.01695 |       0.00016 |      -1.01297 |      -0.00013 |      -0.00010 |       0.94710 |       0.14280 |     337.21838 |     342.07336 |     340.94482 |       4.85499 |      26.37225 |     -80.49811 |   19562.42188 |   19528.43164 |   19521.66211 |      25.00000 |     -82.00000 | 
    332.97705 |     250.34810 |     383.18317 |     288.09546 |    -669.16486 |     332.97705 |     383.18317 |       0.53359 |       0.80481 |      -0.02766 |       0.00002 |       1.56138 |       0.01678 |       0.00025 |       0.48470 |      -0.00013 |      -0.00015 |       0.71087 |       0.14242 |     337.21765 |     342.07248 |     341.11432 |       4.85483 |      26.37367 |     -80.49877 |   19551.16406 |   19527.07617 |   19510.82227 |      25.00000 |     -82.00000 | 
    332.23538 |     249.55090 |     382.32968 |     287.17807 |    -998.32758 |     332.23538 |     382.32968 |       0.53237 |       0.99803 |      -0.00907 |       0.00003 |      -2.18709 |       0.01659 |       0.00029 |       0.78645 |       0.00014 |      -0.00018 |       1.60793 |       0.14224 |     337.21973 |     342.07440 |     341.21259 |       4.85467 |      26.37509 |     -80.49944 |   19534.16016 |   19507.42383 |   19493.98438 |      25.00000 |     -82.00000 | 
    331.44104 |     249.07147 |     381.41556 |     286.62634 |   -1066.25964 |     331.44104 |     381.41556 |       0.53106 |       0.94443 |      -0.01293 |       0.00002 |      -0.64315 |       0.01613 |       0.00040 |      -0.95700 |       0.00037 |      -0.00015 |       1.23254 |       0.14227 |     337.21863 |     342.07315 |     341.24881 |       4.85451 |      26.37650 |     -80.50010 |   19516.24414 |   19482.98242 |   19476.08203 |      25.00000 |     -82.00000 | 
    330.85114 |     248.79301 |     380.73669 |     286.30591 |   -1193.46008 |     330.85114 |     380.73669 |       0.53007 |       0.88465 |      -0.01567 |       0.00002 |       0.28270 |       0.01577 |       0.00035 |      -0.25909 |       0.00039 |      -0.00013 |       0.56361 |       0.14242 |     337.21683 |     342.07117 |     341.34433 |       4.85435 |      26.37791 |     -80.50076 |   19496.49219 |   19446.93945 |   19456.50000 |      25.00000 |     -82.00000 | 
    330.48428 |     248.56693 |     380.31454 |     286.04572 |   -1392.32825 |     330.48428 |     380.31454 |       0.52944 |       0.90426 |      -0.00545 |       0.00002 |       0.06377 |       0.01558 |       0.00033 |      -0.17578 |       0.00040 |      -0.00013 |       0.35760 |       0.14260 |     337.21619 |     342.07037 |     341.50232 |       4.85420 |      26.37931 |     -80.50142 |   19473.24023 |   19443.13281 |   19433.42383 |      25.00000 |     -82.00000 | 
    330.41687 |     248.57014 |     380.23697 |     286.04944 |   -1568.90271 |     330.41687 |     380.23697 |       0.52928 |       0.93078 |       0.01262 |       0.00002 |       0.22402 |       0.01531 |       0.00036 |       0.01534 |       0.00043 |      -0.00009 |       0.27343 |       0.14280 |     337.21585 |     342.06989 |     341.74094 |       4.85404 |      26.38072 |     -80.50208 |   19447.01562 |   19421.47852 |   19407.33594 |      25.00000 |     -82.00000 | 
    330.74756 |     248.85797 |     380.61749 |     286.38065 |   -1691.84692 |     330.74756 |     380.61749 |       0.52975 |       0.97477 |       0.04102 |       0.00002 |       0.37620 |       0.01523 |       0.00038 |       0.26959 |       0.00049 |      -0.00008 |       0.41294 |       0.14306 |     337.21613 |     342.07001 |     342.07849 |       4.85388 |      26.38212 |     -80.50273 |   19418.71875 |   19388.25195 |   19379.11523 |      25.00000 |     -82.00000 | 
    331.57947 |     249.49577 |     381.57486 |     287.11462 |   -1727.32239 |     331.57947 |     381.57486 |       0.53102 |       1.03743 |       0.08196 |       0.00002 |       0.64344 |       0.01525 |       0.00041 |       0.60209 |       0.00056 |      -0.00007 |       0.84291 |       0.14341 |     337.21710 |     342.07083 |     342.52609 |       4.85372 |      26.38353 |     -80.50340 |   19389.81055 |   19369.87891 |   19350.19531 |      25.00000 |     -82.00000 | 
    333.01923 |     250.54379 |     383.23172 |     288.32065 |   -1636.13818 |     333.01923 |     383.23172 |       0.53327 |       1.12329 |       0.13570 |       0.00002 |       0.97157 |       0.01531 |       0.00043 |       1.02326 |       0.00069 |       0.00001 |       1.65454 |       0.14388 |     337.21912 |     342.07269 |     343.08646 |       4.85356 |      26.38494 |     -80.50406 |   19362.40625 |   19335.58398 |   19322.64453 |      25.00000 |     -82.00000 | 
    334.69620 |     251.75357 |     385.16153 |     289.71283 |   -1373.39917 |     334.69620 |     385.16153 |       0.53591 |       1.21959 |       0.15634 |       0.00003 |       0.57702 |       0.01535 |       0.00037 |       1.22005 |       0.00086 |       0.00003 |       2.80948 |       0.14456 |     337.22205 |     342.07544 |     343.43918 |       4.85340 |      26.38637 |     -80.50472 |   19339.37305 |   19285.99219 |   19299.30273 |      25.00000 |     -82.00000 | 
    336.05411 |     252.76213 |     386.72418 |     290.87347 |    -934.05103 |     336.05408 |     386.72415 |       0.53805 |       1.28015 |       0.16467 |       0.00002 |       0.36101 |       0.01521 |       0.00054 |       1.16039 |       0.00091 |       0.00008 |       3.99396 |       0.14544 |     337.22510 |     342.07834 |     343.37286 |       4.85324 |      26.38779 |     -80.50539 |   19323.74219 |   19276.90820 |   19283.22070 |      25.00000 |     -82.00000 | 
    337.03781 |     253.52129 |     387.85620 |     291.74710 |    -377.05161 |     337.03781 |     387.85620 |       0.53961 |       1.30735 |       0.16793 |       0.00002 |       0.20316 |       0.01583 |       0.00055 |       1.06306 |       0.00094 |       0.00015 |       5.11243 |       0.14641 |     337.22806 |     342.08115 |     343.08771 |       4.85308 |      26.38923 |     -80.50607 |   19317.49023 |   19277.09961 |   19276.44727 |      25.00000 |     -82.00000 | 
    337.66605 |     254.03860 |     388.57913 |     292.34241 |     233.38586 |     337.66605 |     388.57913 |       0.54062 |       1.30251 |       0.16636 |       0.00002 |       0.09146 |       0.01577 |       0.00052 |       0.86607 |       0.00090 |       0.00015 |       6.07335 |       0.14739 |     337.23068 |     342.08359 |     342.71805 |       4.85292 |      26.39066 |     -80.50674 |   19321.49219 |   19287.75195 |   19279.90430 |      25.00000 |     -82.00000 | 
    337.98987 |     254.33598 |     388.95181 |     292.68463 |     835.44366 |     337.98987 |     388.95181 |       0.54117 |       1.27142 |       0.16096 |       0.00002 |      -0.02031 |       0.01581 |       0.00053 |       0.63194 |       0.00077 |       0.00021 |       6.81825 |       0.14824 |     337.23279 |     342.08554 |     342.35397 |       4.85275 |      26.39210 |     -80.50741 |   19335.58789 |   19304.07617 |   19293.48633 |      25.00000 |     -82.00000 | 
    338.07275 |     254.44623 |     389.04721 |     292.81149 |    1377.97852 |     338.07275 |     389.04721 |       0.54135 |       1.22489 |       0.15221 |       0.00003 |      -1.33053 |       0.01596 |       0.00036 |       0.18981 |       0.00057 |       0.00020 |       7.29888 |       0.14888 |     337.23425 |     342.08685 |     342.05167 |       4.85259 |      26.39354 |     -80.50809 |   19358.75977 |   19329.44141 |   19316.21484 |      25.00000 |     -82.00000 | 
    338.04059 |     254.63457 |     389.01016 |     293.02823 |    1798.89661 |     338.04062 |     389.01022 |       0.54136 |       1.06906 |       0.13077 |       0.00002 |      -1.07239 |       0.01619 |       0.00040 |      -1.01163 |       0.00030 |       0.00017 |       6.78944 |       0.14897 |     337.23309 |     342.08551 |     341.90591 |       4.85243 |      26.39497 |     -80.50876 |   19389.04492 |   19361.64844 |   19346.21875 |      25.00000 |     -82.00000 | 
    338.15302 |     254.84587 |     389.13953 |     293.27139 |    1934.41785 |     338.15302 |     389.13953 |       0.54161 |       0.91505 |       0.11404 |       0.00003 |      -0.30412 |       0.01658 |       0.00024 |      -0.93807 |      -0.00004 |       0.00017 |       5.77516 |       0.14860 |     337.23062 |     342.08289 |     342.04349 |       4.85227 |      26.39641 |     -80.50943 |   19421.66602 |   19393.89453 |   19378.85742 |      25.00000 |     -82.00000 | 
    338.47000 |     255.06848 |     389.50436 |     293.52759 |    1800.43323 |     338.46997 |     389.50433 |       0.54218 |       0.83012 |       0.10624 |       0.00003 |      -0.34458 |       0.01706 |       0.00008 |      -0.99371 |      -0.00034 |       0.00013 |       4.80854 |       0.14795 |     337.22824 |     342.08035 |     342.27301 |       4.85211 |      26.39785 |     -80.51011 |   19451.86523 |   19419.95703 |   19409.26562 |      25.00000 |     -82.00000 | 
    339.02979 |     255.43945 |     390.14850 |     293.95447 |    1495.28821 |     339.02979 |     390.14850 |       0.54313 |       0.78006 |       0.10209 |       0.00002 |      -0.19827 |       0.01718 |       0.00017 |      -0.91535 |      -0.00058 |       0.00007 |       3.84894 |       0.14707 |     337.22586 |     342.07779 |     342.51541 |       4.85194 |      26.39929 |     -80.51078 |   19476.86328 |   19454.50781 |   19434.58789 |      25.00000 |     -82.00000 | 
    339.84470 |     255.99669 |     391.08630 |     294.59573 |    1093.13147 |     339.84470 |     391.08630 |       0.54447 |       0.76728 |       0.10077 |       0.00002 |      -0.05941 |       0.01777 |       0.00024 |      -0.73004 |      -0.00065 |       0.00002 |       3.02626 |       0.14609 |     337.22382 |     342.07559 |     342.73450 |       4.85178 |      26.40073 |     -80.51146 |   19495.05664 |   19457.72852 |   19453.16016 |      25.00000 |     -82.00000 | 
    340.89261 |     256.73697 |     392.29224 |     295.44763 |     665.08136 |     340.89258 |     392.29221 |       0.54618 |       0.78666 |       0.10162 |       0.00002 |       0.05405 |       0.01798 |       0.00025 |      -0.49230 |      -0.00060 |      -0.00000 |       2.41895 |       0.14514 |     337.22229 |     342.07391 |     342.91525 |       4.85161 |      26.40218 |     -80.51214 |   19506.04102 |   19455.00781 |   19464.51562 |      25.00000 |     -82.00000 | 
    342.12473 |     257.62857 |     393.71011 |     296.47366 |     272.28613 |     342.12476 |     393.71014 |       0.54816 |       0.82911 |       0.10415 |       0.00003 |       0.13040 |       0.01802 |       0.00022 |      -0.24777 |      -0.00048 |      -0.00003 |       2.05521 |       0.14432 |     337.22134 |     342.07278 |     343.05560 |       4.85145 |      26.40364 |     -80.51283 |   19510.42969 |   19469.34766 |   19469.22266 |      25.00000 |     -82.00000 | 
    343.47705 |     258.56772 |     395.26633 |     297.55441 |     -40.12584 |     343.47705 |     395.26633 |       0.55033 |       0.92239 |       0.11299 |       0.00003 |       1.70149 |       0.01812 |       0.00031 |       0.92074 |      -0.00029 |      -0.00005 |       2.26630 |       0.14372 |     337.22183 |     342.07312 |     343.15799 |       4.85128 |      26.40509 |     -80.51350 |   19509.58594 |   19478.78320 |   19468.60352 |      25.00000 |     -82.00000 | 
    344.72040 |     259.31458 |     396.69714 |     298.41388 |    -135.98453 |     344.72037 |     396.69711 |       0.55231 |       1.07866 |       0.12807 |       0.00003 |       0.05142 |       0.01842 |       0.00033 |       0.65547 |       0.00011 |      -0.00011 |       3.21813 |       0.14351 |     337.22415 |     342.07526 |     343.12961 |       4.85112 |      26.40656 |     -80.51419 |   19506.96094 |   19481.59766 |   19465.93359 |      25.00000 |     -82.00000 | 
    345.77283 |     260.05615 |     397.90829 |     299.26727 |       9.52989 |     345.77283 |     397.90829 |       0.55400 |       1.12762 |       0.13324 |       0.00003 |       0.37609 |       0.01827 |       0.00048 |       0.63975 |       0.00040 |      -0.00008 |       3.84915 |       0.14362 |     337.22562 |     342.07657 |     343.00876 |       4.85096 |      26.40803 |     -80.51488 |   19506.98633 |   19481.69336 |   19465.76562 |      25.00000 |     -82.00000 | 
    346.62671 |     260.67218 |     398.89090 |     299.97620 |     269.46478 |     346.62674 |     398.89096 |       0.55538 |       1.15855 |       0.13472 |       0.00003 |      -1.25778 |       0.01786 |       0.00041 |       0.31210 |       0.00057 |      -0.00001 |       4.43056 |       0.14397 |     337.22705 |     342.07785 |     342.83655 |       4.85079 |      26.40950 |     -80.51557 |   19511.44727 |   19488.57422 |   19469.96289 |      25.00000 |     -82.00000 | 
    347.35114 |     261.39359 |     399.72458 |     300.80637 |     551.60803 |     347.35117 |     399.72461 |       0.55656 |       1.05443 |       0.12165 |       0.00003 |      -0.81350 |       0.01807 |       0.00043 |      -0.72243 |       0.00058 |      -0.00002 |       4.12295 |       0.14428 |     337.22623 |     342.07684 |     342.69705 |       4.85062 |      26.41098 |     -80.51627 |   19520.78906 |   19496.00781 |   19479.09180 |      25.00000 |     -82.00000 | 
    348.15610 |     262.12064 |     400.65091 |     301.64304 |     659.05786 |     348.15607 |     400.65088 |       0.55787 |       0.96448 |       0.11205 |       0.00003 |      -0.05766 |       0.01791 |       0.00037 |      -0.36104 |       0.00043 |      -0.00003 |       3.58312 |       0.14447 |     337.22485 |     342.07532 |     342.71478 |       4.85046 |      26.41246 |     -80.51696 |   19532.02930 |   19505.27344 |   19490.32422 |      25.00000 |     -82.00000 | 
    348.57736 |     262.50146 |     401.13565 |     302.08130 |     616.02588 |     348.57736 |     401.13565 |       0.55857 |       0.93642 |       0.01876 |       0.00003 |       1.24238 |       0.01802 |       0.00032 |       0.10683 |       0.00028 |      -0.00000 |       3.32104 |       0.14453 |     337.22415 |     342.07443 |     342.45877 |       4.85028 |      26.41394 |     -80.51765 |   19542.39258 |   19513.60938 |   19500.77148 |      25.00000 |     -82.00000 | 
    347.17188 |     261.33789 |     399.51828 |     300.74228 |     537.84503 |     347.17188 |     399.51828 |       0.55633 |       0.97588 |      -0.02005 |       0.00003 |      -1.66603 |       0.01780 |       0.00034 |      -0.56691 |       0.00022 |      -0.00003 |       3.42359 |       0.14455 |     337.22440 |     342.07452 |     341.32407 |       4.85012 |      26.41542 |     -80.51836 |   19551.27148 |   19520.45703 |   19509.70117 |      25.00000 |     -82.00000 | 
    345.60663 |     260.20349 |     397.71701 |     299.43683 |     439.40234 |     345.60660 |     397.71698 |       0.55384 |       0.86606 |      -0.03094 |       0.00003 |      -0.36113 |       0.01766 |       0.00029 |      -0.91788 |       0.00013 |      -0.00004 |       2.56764 |       0.14438 |     337.22220 |     342.07214 |     340.85364 |       4.84995 |      26.41690 |     -80.51904 |   19558.72266 |   19526.00000 |   19517.29297 |      25.00000 |     -82.00000 | 
    344.26093 |     259.20227 |     396.16840 |     298.28467 |     180.45184 |     344.26093 |     396.16840 |       0.55169 |       0.79279 |      -0.03592 |       0.00003 |      -0.39505 |       0.01765 |       0.00012 |      -1.01668 |       0.00000 |      -0.00007 |       1.60055 |       0.14412 |     337.21970 |     342.06949 |     340.80997 |       4.84978 |      26.41837 |     -80.51973 |   19561.83984 |   19527.11523 |   19520.70508 |      25.00000 |     -82.00000 | 
    343.19373 |     258.41168 |     394.94031 |     297.37485 |    -215.87662 |     343.19373 |     394.94031 |       0.54998 |       0.74002 |      -0.03849 |       0.00002 |       0.94518 |       0.01755 |       0.00024 |      -0.87597 |      -0.00011 |      -0.00009 |       0.59989 |       0.14378 |     337.21710 |     342.06671 |     340.92828 |       4.84962 |      26.41983 |     -80.52042 |   19558.27734 |   19519.20312 |   19517.53711 |      25.00000 |     -82.00000 | 
    342.37271 |     257.72083 |     393.99548 |     296.57983 |    -677.51709 |     342.37268 |     393.99545 |       0.54864 |       0.83078 |      -0.03167 |       0.00002 |       1.48512 |       0.01747 |       0.00027 |       0.60840 |      -0.00009 |      -0.00008 |       0.53674 |       0.14343 |     337.21686 |     342.06631 |     341.07864 |       4.84946 |      26.42129 |     -80.52110 |   19546.85352 |   19510.58398 |   19506.50195 |      25.00000 |     -82.00000 | 
    341.54929 |     256.91739 |     393.04791 |     295.65527 |    -958.09479 |     341.54926 |     393.04785 |       0.54728 |       1.00416 |      -0.01628 |       0.00003 |      -2.67219 |       0.01726 |       0.00031 |       0.08174 |       0.00016 |      -0.00005 |       1.29275 |       0.14325 |     337.21869 |     342.06796 |     341.15717 |       4.84929 |      26.42274 |     -80.52179 |   19530.49805 |   19500.71289 |   19490.26758 |      25.00000 |     -82.00000 | 
    340.74503 |     256.48871 |     392.12238 |     295.16196 |   -1033.62671 |     340.74503 |     392.12238 |       0.54596 |       0.90176 |      -0.02374 |       0.00003 |       0.25436 |       0.01685 |       0.00019 |      -0.94820 |       0.00032 |      -0.00012 |       0.59532 |       0.14327 |     337.21686 |     342.06598 |     341.20816 |       4.84913 |      26.42419 |     -80.52247 |   19513.24805 |   19485.67773 |   19473.08008 |      25.00000 |     -82.00000 | 
    340.16043 |     256.14639 |     391.44965 |     294.76801 |   -1211.27942 |     340.16046 |     391.44971 |       0.54498 |       0.88396 |      -0.02162 |       0.00002 |      -0.03107 |       0.01662 |       0.00032 |      -0.23130 |       0.00030 |      -0.00009 |       0.13064 |       0.14335 |     337.21558 |     342.06454 |     341.32053 |       4.84896 |      26.42564 |     -80.52315 |   19493.14258 |   19467.81836 |   19453.17578 |      25.00000 |     -82.00000 | 
    339.80478 |     255.93564 |     391.04037 |     294.52548 |   -1421.86182 |     339.80478 |     391.04037 |       0.54436 |       0.90275 |      -0.01032 |       0.00002 |       0.11848 |       0.01646 |       0.00031 |      -0.15197 |       0.00034 |      -0.00005 |      -0.07496 |       0.14346 |     337.21503 |     342.06381 |     341.49432 |       4.84880 |      26.42709 |     -80.52383 |   19469.38086 |   19446.46094 |   19429.59180 |      25.00000 |     -82.00000 | 
    339.77139 |     255.96904 |     391.00192 |     294.56393 |   -1600.34058 |     339.77139 |     391.00192 |       0.54425 |       0.93481 |       0.00961 |       0.00002 |       0.25028 |       0.01626 |       0.00033 |       0.05560 |       0.00038 |      -0.00006 |      -0.12482 |       0.14361 |     337.21481 |     342.06345 |     341.75412 |       4.84863 |      26.42853 |     -80.52451 |   19442.61914 |   19416.33398 |   19402.96680 |      25.00000 |     -82.00000 | 
    340.16095 |     256.30798 |     391.45023 |     294.95398 |   -1715.04468 |     340.16095 |     391.45023 |       0.54482 |       0.98511 |       0.04034 |       0.00002 |       0.41333 |       0.01631 |       0.00039 |       0.32699 |       0.00045 |      -0.00004 |       0.06312 |       0.14381 |     337.21524 |     342.06372 |     342.11758 |       4.84847 |      26.42998 |     -80.52518 |   19413.92578 |   19389.99023 |   19374.33789 |      25.00000 |     -82.00000 | 
